file,timestamp,2021-11-16T15:18:35
database,id,nrfa-public-21
database,name,UK National River Flow Archive
station,id,39140
station,name,Ray at Islip
station,gridReference,SP52321373
station,descriptionSummary,Ultrasonic gauging station located in the lower reaches of the River Ray just above the confluence of the River Cherwell.
station,descriptionGeneral,Multi-path cross-configuration US (in two-channel section).
station,descriptionStationHydrometry,Good hydrometric performance but very low velocities in low flow conditions.
station,descriptionCatchment,Relatively flat impermeable (Oxford Clay) catchment given over largely to agriculture (but includes Bicester). The station is just below Otmoor.
station,descriptionFlowRegime,Only minor disturbances to the natural (and responsive) flow regime.
dataType,id,gdf
dataType,name,Gauged Daily Flow
dataType,parameter,Flow
dataType,units,m3/s
dataType,period,day (P1D)
dataType,measurementType,Mean
data,first,1995-10-01
data,last,2020-09-30
1995-10-01,0.285
1995-10-02,0.261
1995-10-03,0.267
1995-10-04,0.346
1995-10-05,0.365
1995-10-06,0.397
1995-10-07,0.601
1995-10-08,0.477
1995-10-09,0.450
1995-10-10,0.354
1995-10-11,0.305
1995-10-12,0.274
1995-10-13,0.284
1995-10-14,0.274
1995-10-15,0.262
1995-10-16,0.257
1995-10-17,0.250
1995-10-18,0.345
1995-10-19,0.246
1995-10-20,0.238
1995-10-21,0.242
1995-10-22,0.242
1995-10-23,0.234
1995-10-24,0.244
1995-10-25,0.255
1995-10-26,0.209
1995-10-27,0.322
1995-10-28,0.355
1995-10-29,0.333
1995-10-30,,M
1995-10-31,0.309
1995-11-01,0.315
1995-11-02,0.305
1995-11-03,0.266
1995-11-04,0.449
1995-11-05,0.303
1995-11-06,0.280
1995-11-07,0.286
1995-11-08,0.255
1995-11-09,0.076
1995-11-10,0.818
1995-11-11,1.260
1995-11-12,0.998
1995-11-13,0.879
1995-11-14,0.672
1995-11-15,0.520
1995-11-16,0.542
1995-11-17,0.479
1995-11-18,0.462
1995-11-19,0.434
1995-11-20,0.419
1995-11-21,0.421
1995-11-22,0.385
1995-11-23,0.566
1995-11-24,0.312
1995-11-25,0.809
1995-11-26,1.710
1995-11-27,4.320
1995-11-28,5.210
1995-11-29,3.430
1995-11-30,1.670
1995-12-01,1.750
1995-12-02,1.520
1995-12-03,1.810
1995-12-04,4.120
1995-12-05,2.850
1995-12-06,2.390
1995-12-07,1.960
1995-12-08,1.700
1995-12-09,1.460
1995-12-10,1.310
1995-12-11,1.210
1995-12-12,1.150
1995-12-13,1.130
1995-12-14,1.110
1995-12-15,1.070
1995-12-16,1.010
1995-12-17,0.998
1995-12-18,0.982
1995-12-19,0.928
1995-12-20,,M
1995-12-21,,M
1995-12-22,,M
1995-12-23,,M
1995-12-24,,M
1995-12-25,,M
1995-12-26,,M
1995-12-27,10.500
1995-12-28,7.460
1995-12-29,4.680
1995-12-30,3.590
1995-12-31,4.040
1996-01-01,4.690
1996-01-02,5.350
1996-01-03,5.530
1996-01-04,4.520
1996-01-05,4.450
1996-01-06,5.430
1996-01-07,7.530
1996-01-08,7.710
1996-01-09,11.700
1996-01-10,11.800
1996-01-11,11.600
1996-01-12,9.430
1996-01-13,6.510
1996-01-14,4.630
1996-01-15,3.540
1996-01-16,2.330
1996-01-17,2.640
1996-01-18,2.430
1996-01-19,2.220
1996-01-20,2.040
1996-01-21,1.830
1996-01-22,1.680
1996-01-23,1.700
1996-01-24,1.840
1996-01-25,1.920
1996-01-26,1.400
1996-01-27,1.290
1996-01-28,1.190
1996-01-29,1.130
1996-01-30,1.150
1996-01-31,1.030
1996-02-01,0.896
1996-02-02,0.961
1996-02-03,0.955
1996-02-04,0.919
1996-02-05,0.930
1996-02-06,0.944
1996-02-07,0.756
1996-02-08,0.867
1996-02-09,3.420
1996-02-10,7.080
1996-02-11,5.550
1996-02-12,10.800
1996-02-13,12.300
1996-02-14,10.800
1996-02-15,7.130
1996-02-16,4.000
1996-02-17,3.240
1996-02-18,3.290
1996-02-19,2.830
1996-02-20,2.220
1996-02-21,2.090
1996-02-22,2.230
1996-02-23,3.370
1996-02-24,9.140
1996-02-25,12.400
1996-02-26,12.900
1996-02-27,12.100
1996-02-28,8.200
1996-02-29,4.840
1996-03-01,3.100
1996-03-02,2.890
1996-03-03,2.880
1996-03-04,2.980
1996-03-05,2.020
1996-03-06,2.030
1996-03-07,1.840
1996-03-08,1.880
1996-03-09,2.490
1996-03-10,2.250
1996-03-11,1.890
1996-03-12,2.320
1996-03-13,2.430
1996-03-14,2.020
1996-03-15,1.720
1996-03-16,1.530
1996-03-17,1.400
1996-03-18,1.280
1996-03-19,1.200
1996-03-20,1.210
1996-03-21,1.290
1996-03-22,,M
1996-03-23,,M
1996-03-24,,M
1996-03-25,,M
1996-03-26,,M
1996-03-27,,M
1996-03-28,1.140
1996-03-29,1.080
1996-03-30,1.000
1996-03-31,0.939
1996-04-01,0.905
1996-04-02,0.642
1996-04-03,0.721
1996-04-04,0.697
1996-04-05,0.701
1996-04-06,0.699
1996-04-07,0.677
1996-04-08,0.682
1996-04-09,0.666
1996-04-10,0.676
1996-04-11,0.718
1996-04-12,1.770
1996-04-13,3.940
1996-04-14,2.480
1996-04-15,1.700
1996-04-16,1.460
1996-04-17,1.310
1996-04-18,0.988
1996-04-19,1.000
1996-04-20,0.919
1996-04-21,0.845
1996-04-22,1.240
1996-04-23,4.820
1996-04-24,3.840
1996-04-25,2.090
1996-04-26,1.480
1996-04-27,1.170
1996-04-28,0.975
1996-04-29,0.874
1996-04-30,0.837
1996-05-01,0.896
1996-05-02,0.829
1996-05-03,0.727
1996-05-04,0.674
1996-05-05,0.631
1996-05-06,0.582
1996-05-07,0.544
1996-05-08,0.509
1996-05-09,0.497
1996-05-10,0.481
1996-05-11,0.469
1996-05-12,0.461
1996-05-13,0.436
1996-05-14,0.418
1996-05-15,0.399
1996-05-16,0.397
1996-05-17,0.360
1996-05-18,0.420
1996-05-19,0.519
1996-05-20,0.462
1996-05-21,0.417
1996-05-22,0.483
1996-05-23,0.550
1996-05-24,0.912
1996-05-25,0.802
1996-05-26,0.570
1996-05-27,0.535
1996-05-28,0.496
1996-05-29,0.460
1996-05-30,0.433
1996-05-31,0.400
1996-06-01,0.371
1996-06-02,0.342
1996-06-03,0.342
1996-06-04,0.322
1996-06-05,0.310
1996-06-06,0.301
1996-06-07,0.424
1996-06-08,1.290
1996-06-09,0.879
1996-06-10,0.543
1996-06-11,0.424
1996-06-12,0.400
1996-06-13,0.356
1996-06-14,0.334
1996-06-15,0.306
1996-06-16,0.284
1996-06-17,0.266
1996-06-18,0.258
1996-06-19,0.247
1996-06-20,0.228
1996-06-21,0.153
1996-06-22,0.140
1996-06-23,0.213
1996-06-24,0.175
1996-06-25,0.248
1996-06-26,0.178
1996-06-27,0.173
1996-06-28,0.201
1996-06-29,0.228
1996-06-30,0.222
1996-07-01,0.218
1996-07-02,0.221
1996-07-03,0.226
1996-07-04,0.221
1996-07-05,0.261
1996-07-06,0.368
1996-07-07,0.270
1996-07-08,0.222
1996-07-09,0.199
1996-07-10,0.188
1996-07-11,0.192
1996-07-12,0.190
1996-07-13,0.180
1996-07-14,0.181
1996-07-15,0.222
1996-07-16,0.161
1996-07-17,0.150
1996-07-18,0.154
1996-07-19,0.160
1996-07-20,0.160
1996-07-21,0.161
1996-07-22,0.169
1996-07-23,0.166
1996-07-24,0.153
1996-07-25,0.153
1996-07-26,0.175
1996-07-27,0.186
1996-07-28,0.183
1996-07-29,0.228
1996-07-30,0.218
1996-07-31,0.196
1996-08-01,0.189
1996-08-02,0.186
1996-08-03,0.181
1996-08-04,0.171
1996-08-05,0.175
1996-08-06,0.162
1996-08-07,0.145
1996-08-08,0.150
1996-08-09,0.128
1996-08-10,0.205
1996-08-11,0.316
1996-08-12,0.258
1996-08-13,0.205
1996-08-14,0.201
1996-08-15,0.200
1996-08-16,0.184
1996-08-17,0.159
1996-08-18,0.150
1996-08-19,0.149
1996-08-20,0.165
1996-08-21,0.284
1996-08-22,0.244
1996-08-23,0.382
1996-08-24,0.333
1996-08-25,0.260
1996-08-26,0.223
1996-08-27,0.204
1996-08-28,0.188
1996-08-29,0.167
1996-08-30,0.181
1996-08-31,0.182
1996-09-01,0.169
1996-09-02,0.166
1996-09-03,0.167
1996-09-04,0.155
1996-09-05,0.156
1996-09-06,0.154
1996-09-07,0.156
1996-09-08,0.150
1996-09-09,0.144
1996-09-10,0.206
1996-09-11,0.111
1996-09-12,0.122
1996-09-13,0.134
1996-09-14,0.150
1996-09-15,0.148
1996-09-16,0.158
1996-09-17,0.159
1996-09-18,0.151
1996-09-19,0.155
1996-09-20,0.157
1996-09-21,0.150
1996-09-22,0.150
1996-09-23,0.147
1996-09-24,0.160
1996-09-25,0.225
1996-09-26,0.234
1996-09-27,0.187
1996-09-28,0.176
1996-09-29,0.185
1996-09-30,0.267
1996-10-01,0.183
1996-10-02,0.173
1996-10-03,0.172
1996-10-04,0.174
1996-10-05,0.168
1996-10-06,0.153
1996-10-07,0.158
1996-10-08,0.160
1996-10-09,0.200
1996-10-10,0.188
1996-10-11,0.176
1996-10-12,0.175
1996-10-13,0.170
1996-10-14,0.167
1996-10-15,0.171
1996-10-16,0.171
1996-10-17,0.171
1996-10-18,0.208
1996-10-19,0.232
1996-10-20,0.224
1996-10-21,0.302
1996-10-22,0.256
1996-10-23,0.240
1996-10-24,0.150
1996-10-25,0.163
1996-10-26,0.239
1996-10-27,0.249
1996-10-28,0.252
1996-10-29,0.220
1996-10-30,0.204
1996-10-31,0.224
1996-11-01,0.266
1996-11-02,0.240
1996-11-03,0.242
1996-11-04,0.486
1996-11-05,0.387
1996-11-06,0.299
1996-11-07,0.309
1996-11-08,0.278
1996-11-09,0.249
1996-11-10,0.229
1996-11-11,0.220
1996-11-12,0.225
1996-11-13,0.250
1996-11-14,0.228
1996-11-15,0.292
1996-11-16,0.278
1996-11-17,0.408
1996-11-18,0.372
1996-11-19,0.498
1996-11-20,0.990
1996-11-21,0.794
1996-11-22,0.644
1996-11-23,0.514
1996-11-24,0.713
1996-11-25,0.543
1996-11-26,0.467
1996-11-27,0.588
1996-11-28,0.540
1996-11-29,0.766
1996-11-30,0.627
1996-12-01,0.589
1996-12-02,0.484
1996-12-03,0.726
1996-12-04,0.772
1996-12-05,0.742
1996-12-06,0.605
1996-12-07,0.535
1996-12-08,0.503
1996-12-09,0.482
1996-12-10,0.419
1996-12-11,0.447
1996-12-12,0.435
1996-12-13,0.429
1996-12-14,0.426
1996-12-15,0.411
1996-12-16,0.401
1996-12-17,0.411
1996-12-18,0.437
1996-12-19,0.628
1996-12-20,0.690
1996-12-21,0.698
1996-12-22,0.638
1996-12-23,0.568
1996-12-24,0.519
1996-12-25,0.482
1996-12-26,0.462
1996-12-27,0.450
1996-12-28,0.450
1996-12-29,0.437
1996-12-30,0.419
1996-12-31,0.401
1997-01-01,0.379
1997-01-02,0.376
1997-01-03,0.372
1997-01-04,0.369
1997-01-05,0.371
1997-01-06,0.389
1997-01-07,0.375
1997-01-08,0.366
1997-01-09,0.360
1997-01-10,0.358
1997-01-11,0.366
1997-01-12,0.390
1997-01-13,0.399
1997-01-14,0.390
1997-01-15,0.373
1997-01-16,0.369
1997-01-17,0.391
1997-01-18,0.394
1997-01-19,0.386
1997-01-20,0.430
1997-01-21,0.395
1997-01-22,0.686
1997-01-23,0.731
1997-01-24,0.716
1997-01-25,0.612
1997-01-26,0.544
1997-01-27,0.507
1997-01-28,0.478
1997-01-29,0.464
1997-01-30,0.457
1997-01-31,0.450
1997-02-01,0.447
1997-02-02,0.440
1997-02-03,0.461
1997-02-04,0.449
1997-02-05,0.449
1997-02-06,0.443
1997-02-07,0.440
1997-02-08,0.431
1997-02-09,0.428
1997-02-10,0.580
1997-02-11,0.723
1997-02-12,1.200
1997-02-13,1.820
1997-02-14,1.740
1997-02-15,1.280
1997-02-16,1.140
1997-02-17,1.310
1997-02-18,2.890
1997-02-19,3.280
1997-02-20,3.240
1997-02-21,2.610
1997-02-22,2.020
1997-02-23,1.910
1997-02-24,3.110
1997-02-25,6.510
1997-02-26,8.130
1997-02-27,7.120
1997-02-28,4.690
1997-03-01,3.400
1997-03-02,2.510
1997-03-03,2.220
1997-03-04,2.000
1997-03-05,1.520
1997-03-06,1.750
1997-03-07,1.500
1997-03-08,1.420
1997-03-09,1.330
1997-03-10,1.210
1997-03-11,1.150
1997-03-12,1.090
1997-03-13,1.040
1997-03-14,0.995
1997-03-15,0.920
1997-03-16,0.853
1997-03-17,0.823
1997-03-18,0.792
1997-03-19,0.774
1997-03-20,0.743
1997-03-21,0.712
1997-03-22,0.689
1997-03-23,0.690
1997-03-24,0.684
1997-03-25,0.644
1997-03-26,0.620
1997-03-27,0.578
1997-03-28,0.536
1997-03-29,0.511
1997-03-30,0.483
1997-03-31,0.464
1997-04-01,0.453
1997-04-02,0.458
1997-04-03,0.451
1997-04-04,0.444
1997-04-05,0.428
1997-04-06,0.405
1997-04-07,0.391
1997-04-08,0.376
1997-04-09,0.381
1997-04-10,0.300
1997-04-11,0.351
1997-04-12,0.357
1997-04-13,0.364
1997-04-14,0.366
1997-04-15,0.329
1997-04-16,0.322
1997-04-17,0.458
1997-04-18,0.485
1997-04-19,0.459
1997-04-20,0.457
1997-04-21,0.477
1997-04-22,0.497
1997-04-23,0.479
1997-04-24,0.461
1997-04-25,0.635
1997-04-26,0.723
1997-04-27,0.497
1997-04-28,0.450
1997-04-29,0.492
1997-04-30,0.458
1997-05-01,0.470
1997-05-02,0.455
1997-05-03,0.452
1997-05-04,0.466
1997-05-05,0.501
1997-05-06,0.583
1997-05-07,0.508
1997-05-08,0.532
1997-05-09,0.578
1997-05-10,0.604
1997-05-11,0.680
1997-05-12,0.703
1997-05-13,0.562
1997-05-14,0.470
1997-05-15,0.395
1997-05-16,0.419
1997-05-17,1.010
1997-05-18,2.370
1997-05-19,1.710
1997-05-20,1.110
1997-05-21,0.813
1997-05-22,0.677
1997-05-23,0.626
1997-05-24,0.571
1997-05-25,0.521
1997-05-26,0.499
1997-05-27,0.485
1997-05-28,0.465
1997-05-29,0.456
1997-05-30,0.436
1997-05-31,0.420
1997-06-01,0.391
1997-06-02,0.374
1997-06-03,0.300
1997-06-04,0.300
1997-06-05,0.370
1997-06-06,0.464
1997-06-07,0.635
1997-06-08,0.462
1997-06-09,0.372
1997-06-10,0.357
1997-06-11,0.437
1997-06-12,0.781
1997-06-13,0.545
1997-06-14,0.451
1997-06-15,0.437
1997-06-16,0.460
1997-06-17,0.428
1997-06-18,0.357
1997-06-19,0.323
1997-06-20,0.346
1997-06-21,0.367
1997-06-22,0.354
1997-06-23,0.450
1997-06-24,0.376
1997-06-25,0.394
1997-06-26,0.499
1997-06-27,0.533
1997-06-28,0.604
1997-06-29,0.502
1997-06-30,0.410
1997-07-01,0.438
1997-07-02,0.477
1997-07-03,0.481
1997-07-04,0.455
1997-07-05,0.396
1997-07-06,0.352
1997-07-07,0.318
1997-07-08,0.306
1997-07-09,0.298
1997-07-10,0.253
1997-07-11,0.242
1997-07-12,0.228
1997-07-13,0.228
1997-07-14,0.242
1997-07-15,0.241
1997-07-16,0.235
1997-07-17,0.168
1997-07-18,0.233
1997-07-19,0.228
1997-07-20,0.217
1997-07-21,0.207
1997-07-22,0.206
1997-07-23,0.209
1997-07-24,0.209
1997-07-25,0.208
1997-07-26,0.221
1997-07-27,0.255
1997-07-28,0.238
1997-07-29,0.200
1997-07-30,0.186
1997-07-31,0.198
1997-08-01,0.200
1997-08-02,0.198
1997-08-03,0.196
1997-08-04,0.191
1997-08-05,0.226
1997-08-06,0.258
1997-08-07,0.258
1997-08-08,0.228
1997-08-09,0.207
1997-08-10,0.199
1997-08-11,0.182
1997-08-12,0.171
1997-08-13,0.183
1997-08-14,0.190
1997-08-15,0.173
1997-08-16,0.173
1997-08-17,0.170
1997-08-18,0.160
1997-08-19,0.161
1997-08-20,0.155
1997-08-21,0.158
1997-08-22,0.163
1997-08-23,0.168
1997-08-24,0.188
1997-08-25,0.425
1997-08-26,0.594
1997-08-27,0.377
1997-08-28,0.349
1997-08-29,0.360
1997-08-30,0.405
1997-08-31,0.409
1997-09-01,0.306
1997-09-02,0.269
1997-09-03,0.265
1997-09-04,0.285
1997-09-05,0.256
1997-09-06,0.243
1997-09-07,0.224
1997-09-08,0.216
1997-09-09,0.208
1997-09-10,0.210
1997-09-11,0.213
1997-09-12,0.204
1997-09-13,0.197
1997-09-14,0.192
1997-09-15,0.191
1997-09-16,0.193
1997-09-17,0.193
1997-09-18,0.203
1997-09-19,0.266
1997-09-20,0.275
1997-09-21,0.224
1997-09-22,0.209
1997-09-23,0.201
1997-09-24,0.201
1997-09-25,0.202
1997-09-26,0.199
1997-09-27,0.195
1997-09-28,0.199
1997-09-29,0.197
1997-09-30,0.205
1997-10-01,0.222
1997-10-02,0.199
1997-10-03,0.194
1997-10-04,0.189
1997-10-05,0.190
1997-10-06,0.202
1997-10-07,0.244
1997-10-08,0.408
1997-10-09,0.531
1997-10-10,0.568
1997-10-11,0.548
1997-10-12,0.651
1997-10-13,0.488
1997-10-14,0.425
1997-10-15,0.534
1997-10-16,0.511
1997-10-17,0.429
1997-10-18,0.403
1997-10-19,0.350
1997-10-20,0.311
1997-10-21,0.286
1997-10-22,0.272
1997-10-23,0.260
1997-10-24,0.248
1997-10-25,0.240
1997-10-26,0.237
1997-10-27,0.237
1997-10-28,0.367
1997-10-29,0.341
1997-10-30,0.251
1997-10-31,0.231
1997-11-01,0.228
1997-11-02,0.233
1997-11-03,0.242
1997-11-04,0.258
1997-11-05,0.648
1997-11-06,1.040
1997-11-07,0.728
1997-11-08,0.772
1997-11-09,0.885
1997-11-10,0.783
1997-11-11,0.707
1997-11-12,0.643
1997-11-13,0.622
1997-11-14,0.569
1997-11-15,0.563
1997-11-16,0.539
1997-11-17,0.513
1997-11-18,0.579
1997-11-19,0.638
1997-11-20,1.020
1997-11-21,1.220
1997-11-22,1.310
1997-11-23,1.340
1997-11-24,1.250
1997-11-25,1.240
1997-11-26,1.220
1997-11-27,1.470
1997-11-28,2.580
1997-11-29,3.100
1997-11-30,2.490
1997-12-01,2.140
1997-12-02,2.760
1997-12-03,2.560
1997-12-04,2.200
1997-12-05,1.900
1997-12-06,1.740
1997-12-07,1.630
1997-12-08,1.570
1997-12-09,1.570
1997-12-10,2.230
1997-12-11,2.830
1997-12-12,2.420
1997-12-13,1.960
1997-12-14,1.700
1997-12-15,1.470
1997-12-16,1.250
1997-12-17,1.320
1997-12-18,1.730
1997-12-19,1.940
1997-12-20,1.900
1997-12-21,1.650
1997-12-22,1.630
1997-12-23,2.190
1997-12-24,3.450
1997-12-25,5.520
1997-12-26,6.220
1997-12-27,5.190
1997-12-28,4.300
1997-12-29,3.500
1997-12-30,3.310
1997-12-31,4.200
1998-01-01,4.620
1998-01-02,6.820
1998-01-03,10.500
1998-01-04,10.500
1998-01-05,10.300
1998-01-06,10.700
1998-01-07,11.800
1998-01-08,11.000
1998-01-09,11.500
1998-01-10,9.540
1998-01-11,7.290
1998-01-12,5.550
1998-01-13,4.290
1998-01-14,4.730
1998-01-15,4.720
1998-01-16,3.840
1998-01-17,3.200
1998-01-18,5.630
1998-01-19,6.890
1998-01-20,5.190
1998-01-21,3.990
1998-01-22,3.080
1998-01-23,2.770
1998-01-24,2.430
1998-01-25,2.150
1998-01-26,1.860
1998-01-27,1.770
1998-01-28,1.670
1998-01-29,1.570
1998-01-30,1.480
1998-01-31,1.390
1998-02-01,1.330
1998-02-02,1.260
1998-02-03,1.140
1998-02-04,1.110
1998-02-05,1.050
1998-02-06,1.030
1998-02-07,1.100
1998-02-08,1.030
1998-02-09,0.999
1998-02-10,0.838
1998-02-11,0.915
1998-02-12,0.909
1998-02-13,0.837
1998-02-14,0.787
1998-02-15,0.778
1998-02-16,0.743
1998-02-17,0.707
1998-02-18,0.695
1998-02-19,0.669
1998-02-20,0.677
1998-02-21,0.741
1998-02-22,0.721
1998-02-23,0.682
1998-02-24,0.644
1998-02-25,0.626
1998-02-26,0.623
1998-02-27,0.622
1998-02-28,0.746
1998-03-01,0.595
1998-03-02,0.616
1998-03-03,1.330
1998-03-04,2.950
1998-03-05,2.640
1998-03-06,4.010
1998-03-07,6.190
1998-03-08,5.200
1998-03-09,3.480
1998-03-10,2.590
1998-03-11,3.190
1998-03-12,2.690
1998-03-13,2.100
1998-03-14,1.770
1998-03-15,1.530
1998-03-16,1.400
1998-03-17,1.260
1998-03-18,1.140
1998-03-19,1.020
1998-03-20,0.975
1998-03-21,0.923
1998-03-22,0.870
1998-03-23,0.848
1998-03-24,0.818
1998-03-25,1.010
1998-03-26,1.240
1998-03-27,1.240
1998-03-28,1.140
1998-03-29,1.060
1998-03-30,0.858
1998-03-31,0.731
1998-04-01,0.695
1998-04-02,0.738
1998-04-03,2.620
1998-04-04,4.350
1998-04-05,3.130
1998-04-06,2.340
1998-04-07,1.750
1998-04-08,1.440
1998-04-09,9.150
1998-04-10,5.910
1998-04-11,6.760
1998-04-12,12.000
1998-04-13,18.400
1998-04-14,15.600
1998-04-15,15.100
1998-04-16,15.200
1998-04-17,14.200
1998-04-18,12.300
1998-04-19,10.800
1998-04-20,8.510
1998-04-21,6.720
1998-04-22,4.910
1998-04-23,3.940
1998-04-24,4.140
1998-04-25,8.140
1998-04-26,9.050
1998-04-27,9.200
1998-04-28,7.600
1998-04-29,4.960
1998-04-30,3.360
1998-05-01,2.400
1998-05-02,2.360
1998-05-03,2.050
1998-05-04,1.840
1998-05-05,1.630
1998-05-06,1.590
1998-05-07,1.410
1998-05-08,1.270
1998-05-09,1.260
1998-05-10,1.040
1998-05-11,1.080
1998-05-12,0.878
1998-05-13,0.899
1998-05-14,1.050
1998-05-15,0.987
1998-05-16,0.851
1998-05-17,0.682
1998-05-18,0.554
1998-05-19,0.619
1998-05-20,0.596
1998-05-21,0.580
1998-05-22,0.548
1998-05-23,0.531
1998-05-24,0.515
1998-05-25,0.515
1998-05-26,0.678
1998-05-27,0.640
1998-05-28,0.574
1998-05-29,0.523
1998-05-30,0.538
1998-05-31,0.556
1998-06-01,0.542
1998-06-02,0.972
1998-06-03,1.110
1998-06-04,1.000
1998-06-05,0.832
1998-06-06,0.690
1998-06-07,0.592
1998-06-08,0.622
1998-06-09,0.773
1998-06-10,0.845
1998-06-11,0.824
1998-06-12,0.775
1998-06-13,0.831
1998-06-14,0.933
1998-06-15,0.794
1998-06-16,0.666
1998-06-17,0.583
1998-06-18,0.599
1998-06-19,0.607
1998-06-20,0.549
1998-06-21,0.490
1998-06-22,0.438
1998-06-23,0.435
1998-06-24,0.440
1998-06-25,0.423
1998-06-26,0.428
1998-06-27,0.583
1998-06-28,0.568
1998-06-29,0.531
1998-06-30,0.622
1998-07-01,,M
1998-07-02,,M
1998-07-03,,M
1998-07-04,,M
1998-07-05,,M
1998-07-06,,M
1998-07-07,,M
1998-07-08,,M
1998-07-09,,M
1998-07-10,,M
1998-07-11,,M
1998-07-12,,M
1998-07-13,,M
1998-07-14,,M
1998-07-15,,M
1998-07-16,,M
1998-07-17,,M
1998-07-18,,M
1998-07-19,,M
1998-07-20,,M
1998-07-21,,M
1998-07-22,,M
1998-07-23,,M
1998-07-24,,M
1998-07-25,,M
1998-07-26,,M
1998-07-27,,M
1998-07-28,,M
1998-07-29,,M
1998-07-30,,M
1998-07-31,,M
1998-08-01,,M
1998-08-02,,M
1998-08-03,,M
1998-08-04,,M
1998-08-05,,M
1998-08-06,,M
1998-08-07,,M
1998-08-08,,M
1998-08-09,,M
1998-08-10,,M
1998-08-11,,M
1998-08-12,,M
1998-08-13,,M
1998-08-14,,M
1998-08-15,,M
1998-08-16,,M
1998-08-17,,M
1998-08-18,,M
1998-08-19,,M
1998-08-20,,M
1998-08-21,,M
1998-08-22,,M
1998-08-23,,M
1998-08-24,,M
1998-08-25,,M
1998-08-26,,M
1998-08-27,,M
1998-08-28,,M
1998-08-29,,M
1998-08-30,,M
1998-08-31,,M
1998-09-01,0.131
1998-09-02,0.154
1998-09-03,0.271
1998-09-04,0.267
1998-09-05,0.656
1998-09-06,0.598
1998-09-07,0.403
1998-09-08,0.403
1998-09-09,0.454
1998-09-10,0.418
1998-09-11,0.329
1998-09-12,0.349
1998-09-13,0.470
1998-09-14,0.380
1998-09-15,0.320
1998-09-16,0.289
1998-09-17,0.262
1998-09-18,0.248
1998-09-19,0.232
1998-09-20,0.229
1998-09-21,0.232
1998-09-22,0.231
1998-09-23,0.224
1998-09-24,0.214
1998-09-25,0.208
1998-09-26,0.371
1998-09-27,1.130
1998-09-28,0.504
1998-09-29,0.853
1998-09-30,0.547
1998-10-01,0.394
1998-10-02,0.315
1998-10-03,0.244
1998-10-04,0.217
1998-10-05,0.078
1998-10-06,0.040
1998-10-07,0.087
1998-10-08,0.048
1998-10-09,0.051
1998-10-10,0.054
1998-10-11,0.048
1998-10-12,0.050
1998-10-13,0.263
1998-10-14,0.092
1998-10-15,0.107
1998-10-16,0.137
1998-10-17,0.987
1998-10-18,0.540
1998-10-19,0.385
1998-10-20,0.298
1998-10-21,0.349
1998-10-22,0.297
1998-10-23,1.120
1998-10-24,3.060
1998-10-25,2.130
1998-10-26,1.860
1998-10-27,1.490
1998-10-28,1.490
1998-10-29,1.320
1998-10-30,0.937
1998-10-31,1.630
1998-11-01,3.400
1998-11-02,7.990
1998-11-03,9.030
1998-11-04,8.470
1998-11-05,6.210
1998-11-06,7.320
1998-11-07,7.390
1998-11-08,7.290
1998-11-09,8.400
1998-11-10,8.050
1998-11-11,7.610
1998-11-12,7.480
1998-11-13,6.480
1998-11-14,7.070
1998-11-15,7.080
1998-11-16,6.490
1998-11-17,4.500
1998-11-18,3.430
1998-11-19,2.640
1998-11-20,2.050
1998-11-21,1.480
1998-11-22,0.872
1998-11-23,1.020
1998-11-24,1.460
1998-11-25,3.770
1998-11-26,4.580
1998-11-27,3.330
1998-11-28,2.250
1998-11-29,1.950
1998-11-30,1.730
1998-12-01,1.300
1998-12-02,0.821
1998-12-03,0.762
1998-12-04,0.720
1998-12-05,0.675
1998-12-06,0.636
1998-12-07,0.608
1998-12-08,0.589
1998-12-09,0.821
1998-12-10,2.250
1998-12-11,3.360
1998-12-12,4.140
1998-12-13,5.290
1998-12-14,4.570
1998-12-15,3.310
1998-12-16,2.990
1998-12-17,2.720
1998-12-18,3.260
1998-12-19,6.260
1998-12-20,5.750
1998-12-21,4.170
1998-12-22,3.040
1998-12-23,7.370
1998-12-24,10.100
1998-12-25,11.500
1998-12-26,12.800
1998-12-27,13.300
1998-12-28,13.000
1998-12-29,12.400
1998-12-30,10.700
1998-12-31,8.100
1999-01-01,6.130
1999-01-02,5.140
1999-01-03,8.270
1999-01-04,10.600
1999-01-05,9.460
1999-01-06,9.140
1999-01-07,9.870
1999-01-08,11.000
1999-01-09,11.000
1999-01-10,11.000
1999-01-11,7.980
1999-01-12,7.970
1999-01-13,9.410
1999-01-14,9.380
1999-01-15,9.340
1999-01-16,11.700
1999-01-17,12.800
1999-01-18,11.100
1999-01-19,11.200
1999-01-20,13.700
1999-01-21,10.700
1999-01-22,13.700
1999-01-23,13.100
1999-01-24,11.000
1999-01-25,9.270
1999-01-26,8.030
1999-01-27,7.320
1999-01-28,6.430
1999-01-29,5.780
1999-01-30,5.210
1999-01-31,4.990
1999-02-01,4.180
1999-02-02,3.490
1999-02-03,3.100
1999-02-04,2.760
1999-02-05,2.450
1999-02-06,1.820
1999-02-07,2.070
1999-02-08,2.050
1999-02-09,1.830
1999-02-10,1.570
1999-02-11,1.420
1999-02-12,1.390
1999-02-13,1.370
1999-02-14,1.380
1999-02-15,1.390
1999-02-16,1.390
1999-02-17,1.370
1999-02-18,1.380
1999-02-19,1.480
1999-02-20,1.540
1999-02-21,1.770
1999-02-22,1.930
1999-02-23,1.700
1999-02-24,1.570
1999-02-25,1.440
1999-02-26,1.580
1999-02-27,2.110
1999-02-28,1.900
1999-03-01,2.310
1999-03-02,3.600
1999-03-03,4.750
1999-03-04,4.330
1999-03-05,2.980
1999-03-06,2.350
1999-03-07,3.170
1999-03-08,4.900
1999-03-09,4.010
1999-03-10,3.100
1999-03-11,2.230
1999-03-12,1.670
1999-03-13,2.670
1999-03-14,2.600
1999-03-15,1.930
1999-03-16,1.500
1999-03-17,1.430
1999-03-18,1.360
1999-03-19,1.260
1999-03-20,1.210
1999-03-21,1.230
1999-03-22,1.170
1999-03-23,1.150
1999-03-24,1.060
1999-03-25,1.030
1999-03-26,1.070
1999-03-27,0.984
1999-03-28,0.911
1999-03-29,0.867
1999-03-30,0.856
1999-03-31,0.819
1999-04-01,0.658
1999-04-02,0.594
1999-04-03,0.651
1999-04-04,0.643
1999-04-05,0.646
1999-04-06,0.706
1999-04-07,0.612
1999-04-08,0.601
1999-04-09,0.575
1999-04-10,0.548
1999-04-11,0.527
1999-04-12,0.598
1999-04-13,0.598
1999-04-14,0.582
1999-04-15,0.540
1999-04-16,0.523
1999-04-17,0.534
1999-04-18,0.532
1999-04-19,0.457
1999-04-20,0.770
1999-04-21,1.170
1999-04-22,1.140
1999-04-23,1.360
1999-04-24,1.640
1999-04-25,1.160
1999-04-26,2.550
1999-04-27,1.660
1999-04-28,1.170
1999-04-29,1.140
1999-04-30,0.852
1999-05-01,0.730
1999-05-02,0.646
1999-05-03,0.545
1999-05-04,0.382
1999-05-05,0.373
1999-05-06,0.459
1999-05-07,0.685
1999-05-08,0.920
1999-05-09,0.787
1999-05-10,0.642
1999-05-11,0.730
1999-05-12,0.679
1999-05-13,0.619
1999-05-14,0.646
1999-05-15,0.602
1999-05-16,0.514
1999-05-17,0.487
1999-05-18,0.482
1999-05-19,0.507
1999-05-20,0.716
1999-05-21,0.572
1999-05-22,0.517
1999-05-23,0.462
1999-05-24,0.419
1999-05-25,0.386
1999-05-26,0.362
1999-05-27,0.340
1999-05-28,0.328
1999-05-29,0.341
1999-05-30,0.416
1999-05-31,0.394
1999-06-01,0.374
1999-06-02,1.000
1999-06-03,0.938
1999-06-04,0.974
1999-06-05,1.030
1999-06-06,1.340
1999-06-07,1.040
1999-06-08,0.897
1999-06-09,0.698
1999-06-10,0.580
1999-06-11,0.500
1999-06-12,0.459
1999-06-13,0.410
1999-06-14,0.389
1999-06-15,0.370
1999-06-16,0.362
1999-06-17,0.319
1999-06-18,0.302
1999-06-19,0.298
1999-06-20,0.279
1999-06-21,0.271
1999-06-22,0.269
1999-06-23,0.263
1999-06-24,0.264
1999-06-25,0.255
1999-06-26,0.265
1999-06-27,0.256
1999-06-28,0.256
1999-06-29,0.343
1999-06-30,0.437
1999-07-01,0.393
1999-07-02,0.365
1999-07-03,0.340
1999-07-04,0.319
1999-07-05,0.299
1999-07-06,0.284
1999-07-07,0.271
1999-07-08,0.261
1999-07-09,0.252
1999-07-10,0.236
1999-07-11,0.215
1999-07-12,0.189
1999-07-13,0.097
1999-07-14,0.164
1999-07-15,0.102
1999-07-16,0.126
1999-07-17,0.167
1999-07-18,0.198
1999-07-19,0.186
1999-07-20,0.200
1999-07-21,0.227
1999-07-22,0.183
1999-07-23,0.159
1999-07-24,0.177
1999-07-25,0.131
1999-07-26,0.143
1999-07-27,0.123
1999-07-28,0.137
1999-07-29,0.108
1999-07-30,0.163
1999-07-31,0.164
1999-08-01,0.131
1999-08-02,0.120
1999-08-03,0.145
1999-08-04,0.186
1999-08-05,0.341
1999-08-06,0.314
1999-08-07,0.307
1999-08-08,0.449
1999-08-09,0.700
1999-08-10,0.640
1999-08-11,0.684
1999-08-12,0.677
1999-08-13,0.547
1999-08-14,0.427
1999-08-15,0.349
1999-08-16,0.357
1999-08-17,0.507
1999-08-18,0.505
1999-08-19,0.659
1999-08-20,0.542
1999-08-21,0.492
1999-08-22,0.424
1999-08-23,0.327
1999-08-24,0.286
1999-08-25,0.326
1999-08-26,0.505
1999-08-27,0.397
1999-08-28,0.394
1999-08-29,0.352
1999-08-30,0.298
1999-08-31,0.268
1999-09-01,0.242
1999-09-02,0.230
1999-09-03,0.205
1999-09-04,0.207
1999-09-05,0.198
1999-09-06,0.195
1999-09-07,0.203
1999-09-08,0.189
1999-09-09,0.180
1999-09-10,0.184
1999-09-11,0.146
1999-09-12,0.158
1999-09-13,0.145
1999-09-14,0.180
1999-09-15,0.229
1999-09-16,0.277
1999-09-17,0.290
1999-09-18,0.283
1999-09-19,0.294
1999-09-20,0.619
1999-09-21,0.753
1999-09-22,0.581
1999-09-23,0.913
1999-09-24,1.070
1999-09-25,1.650
1999-09-26,2.300
1999-09-27,2.310
1999-09-28,1.940
1999-09-29,1.390
1999-09-30,1.020
1999-10-01,0.740
1999-10-02,1.020
1999-10-03,1.430
1999-10-04,1.260
1999-10-05,0.946
1999-10-06,0.632
1999-10-07,0.473
1999-10-08,0.498
1999-10-09,0.492
1999-10-10,0.450
1999-10-11,0.420
1999-10-12,0.406
1999-10-13,0.402
1999-10-14,0.309
1999-10-15,0.263
1999-10-16,0.260
1999-10-17,0.330
1999-10-18,0.378
1999-10-19,0.353
1999-10-20,0.401
1999-10-21,0.514
1999-10-22,0.831
1999-10-23,1.180
1999-10-24,2.920
1999-10-25,3.980
1999-10-26,3.820
1999-10-27,2.940
1999-10-28,1.620
1999-10-29,1.160
1999-10-30,0.999
1999-10-31,1.110
1999-11-01,1.150
1999-11-02,1.020
1999-11-03,0.856
1999-11-04,0.814
1999-11-05,1.620
1999-11-06,2.720
1999-11-07,2.430
1999-11-08,1.600
1999-11-09,1.250
1999-11-10,1.130
1999-11-11,0.975
1999-11-12,0.964
1999-11-13,0.882
1999-11-14,0.865
1999-11-15,0.870
1999-11-16,0.888
1999-11-17,0.721
1999-11-18,1.040
1999-11-19,1.050
1999-11-20,1.050
1999-11-21,1.040
1999-11-22,1.090
1999-11-23,1.070
1999-11-24,1.050
1999-11-25,1.030
1999-11-26,1.020
1999-11-27,1.640
1999-11-28,1.680
1999-11-29,2.600
1999-11-30,2.400
1999-12-01,1.840
1999-12-02,1.330
1999-12-03,1.320
1999-12-04,1.280
1999-12-05,1.090
1999-12-06,1.060
1999-12-07,1.150
1999-12-08,1.250
1999-12-09,1.630
1999-12-10,1.650
1999-12-11,3.650
1999-12-12,5.650
1999-12-13,7.210
1999-12-14,7.210
1999-12-15,6.530
1999-12-16,4.980
1999-12-17,3.600
1999-12-18,2.950
1999-12-19,2.660
1999-12-20,2.280
1999-12-21,2.490
1999-12-22,5.050
1999-12-23,7.410
1999-12-24,9.820
1999-12-25,8.880
1999-12-26,7.190
1999-12-27,9.940
1999-12-28,10.800
1999-12-29,8.100
1999-12-30,7.100
1999-12-31,7.880
2000-01-01,7.180
2000-01-02,5.760
2000-01-03,5.250
2000-01-04,6.750
2000-01-05,6.700
2000-01-06,5.910
2000-01-07,4.940
2000-01-08,4.000
2000-01-09,3.040
2000-01-10,2.470
2000-01-11,2.340
2000-01-12,2.370
2000-01-13,2.450
2000-01-14,2.950
2000-01-15,2.740
2000-01-16,2.630
2000-01-17,2.440
2000-01-18,2.230
2000-01-19,1.920
2000-01-20,1.760
2000-01-21,1.640
2000-01-22,1.570
2000-01-23,1.460
2000-01-24,1.370
2000-01-25,1.260
2000-01-26,1.200
2000-01-27,1.160
2000-01-28,1.170
2000-01-29,1.220
2000-01-30,1.150
2000-01-31,1.070
2000-02-01,1.380
2000-02-02,4.810
2000-02-03,4.290
2000-02-04,2.920
2000-02-05,2.830
2000-02-06,2.750
2000-02-07,3.050
2000-02-08,3.530
2000-02-09,3.260
2000-02-10,2.840
2000-02-11,2.740
2000-02-12,3.700
2000-02-13,3.930
2000-02-14,3.070
2000-02-15,2.790
2000-02-16,2.890
2000-02-17,2.600
2000-02-18,,M
2000-02-19,,M
2000-02-20,,M
2000-02-21,,M
2000-02-22,,M
2000-02-23,,M
2000-02-24,3.930
2000-02-25,5.970
2000-02-26,6.350
2000-02-27,4.760
2000-02-28,9.010
2000-02-29,10.800
2000-03-01,11.200
2000-03-02,11.400
2000-03-03,11.200
2000-03-04,9.250
2000-03-05,6.680
2000-03-06,4.250
2000-03-07,3.070
2000-03-08,2.920
2000-03-09,2.030
2000-03-10,2.130
2000-03-11,1.940
2000-03-12,1.700
2000-03-13,1.560
2000-03-14,1.430
2000-03-15,1.340
2000-03-16,1.210
2000-03-17,1.130
2000-03-18,1.070
2000-03-19,1.010
2000-03-20,0.985
2000-03-21,0.950
2000-03-22,0.920
2000-03-23,0.901
2000-03-24,0.925
2000-03-25,0.927
2000-03-26,0.865
2000-03-27,0.797
2000-03-28,0.746
2000-03-29,0.718
2000-03-30,0.704
2000-03-31,0.704
2000-04-01,0.727
2000-04-02,0.915
2000-04-03,7.490
2000-04-04,10.000
2000-04-05,8.920
2000-04-06,8.310
2000-04-07,6.920
2000-04-08,3.560
2000-04-09,2.220
2000-04-10,1.430
2000-04-11,4.160
2000-04-12,11.700
2000-04-13,11.400
2000-04-14,11.400
2000-04-15,10.800
2000-04-16,9.530
2000-04-17,8.200
2000-04-18,7.100
2000-04-19,7.760
2000-04-20,7.530
2000-04-21,6.570
2000-04-22,7.310
2000-04-23,8.030
2000-04-24,7.950
2000-04-25,8.640
2000-04-26,8.020
2000-04-27,6.380
2000-04-28,4.490
2000-04-29,4.220
2000-04-30,3.580
2000-05-01,2.570
2000-05-02,2.180
2000-05-03,1.590
2000-05-04,1.560
2000-05-05,1.570
2000-05-06,1.430
2000-05-07,1.280
2000-05-08,1.200
2000-05-09,1.180
2000-05-10,1.110
2000-05-11,1.150
2000-05-12,1.040
2000-05-13,0.957
2000-05-14,0.849
2000-05-15,0.809
2000-05-16,0.772
2000-05-17,0.744
2000-05-18,0.832
2000-05-19,0.729
2000-05-20,0.728
2000-05-21,0.870
2000-05-22,0.739
2000-05-23,0.779
2000-05-24,0.841
2000-05-25,0.925
2000-05-26,1.230
2000-05-27,3.020
2000-05-28,6.780
2000-05-29,6.460
2000-05-30,5.990
2000-05-31,5.560
2000-06-01,3.320
2000-06-02,1.760
2000-06-03,1.580
2000-06-04,1.300
2000-06-05,1.050
2000-06-06,1.050
2000-06-07,0.950
2000-06-08,0.853
2000-06-09,0.808
2000-06-10,0.742
2000-06-11,0.676
2000-06-12,0.637
2000-06-13,0.594
2000-06-14,0.567
2000-06-15,0.534
2000-06-16,0.518
2000-06-17,0.487
2000-06-18,0.455
2000-06-19,0.419
2000-06-20,0.434
2000-06-21,0.450
2000-06-22,0.501
2000-06-23,0.530
2000-06-24,0.482
2000-06-25,0.445
2000-06-26,0.417
2000-06-27,0.389
2000-06-28,0.374
2000-06-29,0.380
2000-06-30,0.444
2000-07-01,0.454
2000-07-02,0.427
2000-07-03,0.399
2000-07-04,0.386
2000-07-05,0.400
2000-07-06,0.428
2000-07-07,0.404
2000-07-08,0.380
2000-07-09,0.386
2000-07-10,0.441
2000-07-11,0.488
2000-07-12,0.464
2000-07-13,0.460
2000-07-14,0.484
2000-07-15,0.447
2000-07-16,0.406
2000-07-17,0.367
2000-07-18,0.340
2000-07-19,0.309
2000-07-20,0.296
2000-07-21,0.296
2000-07-22,0.294
2000-07-23,0.290
2000-07-24,0.298
2000-07-25,0.272
2000-07-26,0.273
2000-07-27,0.268
2000-07-28,0.266
2000-07-29,0.270
2000-07-30,0.274
2000-07-31,0.263
2000-08-01,0.140
2000-08-02,0.108
2000-08-03,0.235
2000-08-04,0.302
2000-08-05,0.273
2000-08-06,0.247
2000-08-07,0.244
2000-08-08,0.253
2000-08-09,0.244
2000-08-10,0.223
2000-08-11,0.215
2000-08-12,0.212
2000-08-13,0.216
2000-08-14,0.225
2000-08-15,0.210
2000-08-16,0.219
2000-08-17,0.216
2000-08-18,0.293
2000-08-19,0.587
2000-08-20,0.595
2000-08-21,0.529
2000-08-22,0.456
2000-08-23,0.365
2000-08-24,0.309
2000-08-25,0.217
2000-08-26,0.383
2000-08-27,0.489
2000-08-28,0.382
2000-08-29,0.319
2000-08-30,0.293
2000-08-31,0.279
2000-09-01,0.304
2000-09-02,0.266
2000-09-03,0.258
2000-09-04,0.256
2000-09-05,0.254
2000-09-06,0.284
2000-09-07,0.269
2000-09-08,0.253
2000-09-09,0.298
2000-09-10,0.271
2000-09-11,0.249
2000-09-12,0.252
2000-09-13,0.280
2000-09-14,0.359
2000-09-15,0.512
2000-09-16,0.499
2000-09-17,0.421
2000-09-18,0.517
2000-09-19,1.030
2000-09-20,1.620
2000-09-21,1.560
2000-09-22,1.300
2000-09-23,1.110
2000-09-24,1.130
2000-09-25,1.810
2000-09-26,1.590
2000-09-27,2.650
2000-09-28,3.140
2000-09-29,2.120
2000-09-30,1.270
2000-10-01,,M
2000-10-02,0.718
2000-10-03,0.785
2000-10-04,0.893
2000-10-05,1.750
2000-10-06,1.410
2000-10-07,2.550
2000-10-08,3.160
2000-10-09,3.740
2000-10-10,5.250
2000-10-11,6.610
2000-10-12,6.820
2000-10-13,6.490
2000-10-14,4.620
2000-10-15,2.910
2000-10-16,1.960
2000-10-17,1.870
2000-10-18,2.030
2000-10-19,2.240
2000-10-20,1.930
2000-10-21,3.420
2000-10-22,3.590
2000-10-23,3.840
2000-10-24,3.000
2000-10-25,2.350
2000-10-26,1.930
2000-10-27,2.000
2000-10-28,3.690
2000-10-29,6.040
2000-10-30,8.180
2000-10-31,8.460
2000-11-01,8.310
2000-11-02,9.460
2000-11-03,9.300
2000-11-04,9.860
2000-11-05,10.900
2000-11-06,10.800
2000-11-07,9.390
2000-11-08,7.890
2000-11-09,8.580
2000-11-10,9.050
2000-11-11,9.220
2000-11-12,10.500
2000-11-13,9.720
2000-11-14,9.200
2000-11-15,7.960
2000-11-16,7.400
2000-11-17,7.000
2000-11-18,5.960
2000-11-19,5.250
2000-11-20,5.200
2000-11-21,4.830
2000-11-22,5.610
2000-11-23,5.870
2000-11-24,5.800
2000-11-25,6.860
2000-11-26,7.840
2000-11-27,7.750
2000-11-28,8.900
2000-11-29,8.550
2000-11-30,7.670
2000-12-01,7.920
2000-12-02,7.940
2000-12-03,7.290
2000-12-04,7.850
2000-12-05,8.200
2000-12-06,9.940
2000-12-07,10.100
2000-12-08,10.400
2000-12-09,9.980
2000-12-10,10.500
2000-12-11,11.200
2000-12-12,11.400
2000-12-13,11.400
2000-12-14,9.920
2000-12-15,11.600
2000-12-16,11.100
2000-12-17,12.100
2000-12-18,10.300
2000-12-19,8.670
2000-12-20,7.350
2000-12-21,5.920
2000-12-22,4.400
2000-12-23,3.360
2000-12-24,5.550
2000-12-25,7.460
2000-12-26,6.540
2000-12-27,4.530
2000-12-28,3.290
2000-12-29,2.510
2000-12-30,2.080
2000-12-31,3.470
2001-01-01,9.180
2001-01-02,9.590
2001-01-03,9.550
2001-01-04,10.100
2001-01-05,10.800
2001-01-06,9.970
2001-01-07,9.910
2001-01-08,8.770
2001-01-09,6.940
2001-01-10,5.120
2001-01-11,3.790
2001-01-12,3.080
2001-01-13,2.500
2001-01-14,2.170
2001-01-15,2.060
2001-01-16,1.890
2001-01-17,1.820
2001-01-18,1.670
2001-01-19,0.962
2001-01-20,1.560
2001-01-21,2.270
2001-01-22,4.170
2001-01-23,6.960
2001-01-24,7.810
2001-01-25,7.010
2001-01-26,7.120
2001-01-27,10.000
2001-01-28,10.100
2001-01-29,9.780
2001-01-30,7.880
2001-01-31,6.860
2001-02-01,5.680
2001-02-02,6.820
2001-02-03,8.480
2001-02-04,10.500
2001-02-05,10.900
2001-02-06,11.100
2001-02-07,11.400
2001-02-08,11.000
2001-02-09,10.500
2001-02-10,8.610
2001-02-11,7.430
2001-02-12,9.860
2001-02-13,12.000
2001-02-14,12.900
2001-02-15,14.000
2001-02-16,11.800
2001-02-17,9.190
2001-02-18,6.800
2001-02-19,5.060
2001-02-20,3.790
2001-02-21,3.130
2001-02-22,2.670
2001-02-23,2.400
2001-02-24,2.130
2001-02-25,1.900
2001-02-26,1.800
2001-02-27,2.500
2001-02-28,2.130
2001-03-01,2.020
2001-03-02,1.790
2001-03-03,1.570
2001-03-04,1.390
2001-03-05,1.360
2001-03-06,1.660
2001-03-07,3.350
2001-03-08,3.050
2001-03-09,2.580
2001-03-10,2.250
2001-03-11,2.620
2001-03-12,4.310
2001-03-13,5.320
2001-03-14,3.880
2001-03-15,2.770
2001-03-16,3.000
2001-03-17,7.930
2001-03-18,8.440
2001-03-19,7.450
2001-03-20,5.280
2001-03-21,8.640
2001-03-22,10.200
2001-03-23,9.890
2001-03-24,9.750
2001-03-25,8.950
2001-03-26,8.680
2001-03-27,7.330
2001-03-28,8.490
2001-03-29,7.780
2001-03-30,6.010
2001-03-31,4.310
2001-04-01,3.450
2001-04-02,3.020
2001-04-03,3.960
2001-04-04,8.130
2001-04-05,9.150
2001-04-06,9.390
2001-04-07,10.100
2001-04-08,9.930
2001-04-09,10.200
2001-04-10,10.200
2001-04-11,9.580
2001-04-12,6.830
2001-04-13,4.260
2001-04-14,3.030
2001-04-15,2.670
2001-04-16,2.250
2001-04-17,1.970
2001-04-18,1.760
2001-04-19,1.710
2001-04-20,1.620
2001-04-21,1.420
2001-04-22,1.690
2001-04-23,2.920
2001-04-24,3.250
2001-04-25,5.660
2001-04-26,6.870
2001-04-27,6.120
2001-04-28,4.110
2001-04-29,2.760
2001-04-30,2.050
2001-05-01,1.660
2001-05-02,1.470
2001-05-03,1.170
2001-05-04,1.240
2001-05-05,1.060
2001-05-06,0.983
2001-05-07,0.951
2001-05-08,0.797
2001-05-09,0.753
2001-05-10,0.857
2001-05-11,0.836
2001-05-12,0.745
2001-05-13,0.800
2001-05-14,0.850
2001-05-15,1.140
2001-05-16,3.990
2001-05-17,5.960
2001-05-18,6.620
2001-05-19,6.150
2001-05-20,3.060
2001-05-21,1.150
2001-05-22,1.220
2001-05-23,1.430
2001-05-24,0.949
2001-05-25,0.860
2001-05-26,0.769
2001-05-27,0.683
2001-05-28,0.730
2001-05-29,0.704
2001-05-30,0.611
2001-05-31,0.560
2001-06-01,,M
2001-06-02,,M
2001-06-03,,M
2001-06-04,,M
2001-06-05,,M
2001-06-06,,M
2001-06-07,,M
2001-06-08,,M
2001-06-09,,M
2001-06-10,,M
2001-06-11,,M
2001-06-12,,M
2001-06-13,,M
2001-06-14,,M
2001-06-15,,M
2001-06-16,,M
2001-06-17,,M
2001-06-18,,M
2001-06-19,,M
2001-06-20,,M
2001-06-21,,M
2001-06-22,,M
2001-06-23,,M
2001-06-24,,M
2001-06-25,,M
2001-06-26,,M
2001-06-27,,M
2001-06-28,,M
2001-06-29,,M
2001-06-30,,M
2001-07-01,,M
2001-07-02,,M
2001-07-03,,M
2001-07-04,,M
2001-07-05,,M
2001-07-06,,M
2001-07-07,,M
2001-07-08,,M
2001-07-09,,M
2001-07-10,,M
2001-07-11,,M
2001-07-12,,M
2001-07-13,,M
2001-07-14,,M
2001-07-15,,M
2001-07-16,,M
2001-07-17,,M
2001-07-18,,M
2001-07-19,,M
2001-07-20,,M
2001-07-21,,M
2001-07-22,,M
2001-07-23,,M
2001-07-24,,M
2001-07-25,,M
2001-07-26,,M
2001-07-27,,M
2001-07-28,,M
2001-07-29,,M
2001-07-30,,M
2001-07-31,,M
2001-08-01,,M
2001-08-02,0.171
2001-08-03,0.481
2001-08-04,0.627
2001-08-05,0.657
2001-08-06,,M
2001-08-07,0.422
2001-08-08,0.343
2001-08-09,0.626
2001-08-10,0.943
2001-08-11,0.816
2001-08-12,0.945
2001-08-13,1.030
2001-08-14,0.928
2001-08-15,0.710
2001-08-16,0.503
2001-08-17,0.402
2001-08-18,0.348
2001-08-19,0.384
2001-08-20,0.339
2001-08-21,0.289
2001-08-22,0.247
2001-08-23,0.247
2001-08-24,0.227
2001-08-25,0.202
2001-08-26,0.202
2001-08-27,0.178
2001-08-28,0.169
2001-08-29,0.178
2001-08-30,0.232
2001-08-31,0.257
2001-09-01,0.271
2001-09-02,0.255
2001-09-03,0.233
2001-09-04,0.204
2001-09-05,0.208
2001-09-06,0.244
2001-09-07,0.243
2001-09-08,0.200
2001-09-09,0.183
2001-09-10,0.177
2001-09-11,0.177
2001-09-12,0.189
2001-09-13,0.190
2001-09-14,0.197
2001-09-15,0.177
2001-09-16,0.159
2001-09-17,0.191
2001-09-18,0.179
2001-09-19,0.198
2001-09-20,0.214
2001-09-21,0.202
2001-09-22,0.189
2001-09-23,0.177
2001-09-24,0.203
2001-09-25,0.258
2001-09-26,0.268
2001-09-27,0.268
2001-09-28,0.227
2001-09-29,0.419
2001-09-30,0.440
2001-10-01,0.418
2001-10-02,0.599
2001-10-03,0.617
2001-10-04,0.576
2001-10-05,0.460
2001-10-06,0.373
2001-10-07,0.444
2001-10-08,0.680
2001-10-09,0.663
2001-10-10,0.717
2001-10-11,0.662
2001-10-12,0.543
2001-10-13,0.531
2001-10-14,0.513
2001-10-15,0.776
2001-10-16,1.070
2001-10-17,0.939
2001-10-18,0.929
2001-10-19,0.837
2001-10-20,1.320
2001-10-21,2.510
2001-10-22,4.530
2001-10-23,5.870
2001-10-24,6.200
2001-10-25,6.290
2001-10-26,6.860
2001-10-27,6.390
2001-10-28,6.080
2001-10-29,5.740
2001-10-30,5.040
2001-10-31,3.170
2001-11-01,2.160
2001-11-02,1.710
2001-11-03,,M
2001-11-04,,M
2001-11-05,0.874
2001-11-06,1.170
2001-11-07,1.460
2001-11-08,3.200
2001-11-09,3.310
2001-11-10,2.370
2001-11-11,1.820
2001-11-12,2.090
2001-11-13,3.840
2001-11-14,3.390
2001-11-15,2.370
2001-11-16,1.810
2001-11-17,1.640
2001-11-18,1.530
2001-11-19,1.420
2001-11-20,1.330
2001-11-21,1.230
2001-11-22,1.270
2001-11-23,1.250
2001-11-24,1.210
2001-11-25,1.330
2001-11-26,2.030
2001-11-27,2.140
2001-11-28,1.820
2001-11-29,2.420
2001-11-30,5.450
2001-12-01,6.500
2001-12-02,6.330
2001-12-03,6.270
2001-12-04,6.560
2001-12-05,7.500
2001-12-06,7.230
2001-12-07,6.580
2001-12-08,5.120
2001-12-09,3.020
2001-12-10,2.020
2001-12-11,1.690
2001-12-12,1.470
2001-12-13,1.340
2001-12-14,1.270
2001-12-15,,M
2001-12-16,,M
2001-12-17,0.888
2001-12-18,0.873
2001-12-19,0.843
2001-12-20,0.837
2001-12-21,0.828
2001-12-22,1.180
2001-12-23,1.100
2001-12-24,1.090
2001-12-25,1.470
2001-12-26,1.880
2001-12-27,1.630
2001-12-28,1.570
2001-12-29,1.400
2001-12-30,1.200
2001-12-31,1.020
2002-01-01,0.892
2002-01-02,0.847
2002-01-03,0.827
2002-01-04,0.778
2002-01-05,0.805
2002-01-06,0.906
2002-01-07,1.060
2002-01-08,1.270
2002-01-09,1.340
2002-01-10,1.560
2002-01-11,2.460
2002-01-12,2.180
2002-01-13,1.860
2002-01-14,1.750
2002-01-15,2.040
2002-01-16,1.980
2002-01-17,1.810
2002-01-18,2.220
2002-01-19,2.500
2002-01-20,2.240
2002-01-21,2.190
2002-01-22,2.000
2002-01-23,2.060
2002-01-24,2.910
2002-01-25,3.430
2002-01-26,8.250
2002-01-27,9.170
2002-01-28,8.820
2002-01-29,8.470
2002-01-30,7.070
2002-01-31,7.180
2002-02-01,7.780
2002-02-02,7.810
2002-02-03,8.130
2002-02-04,8.730
2002-02-05,11.900
2002-02-06,10.800
2002-02-07,9.750
2002-02-08,9.370
2002-02-09,7.610
2002-02-10,6.040
2002-02-11,6.570
2002-02-12,8.530
2002-02-13,7.250
2002-02-14,5.250
2002-02-15,4.310
2002-02-16,3.430
2002-02-17,2.960
2002-02-18,2.640
2002-02-19,2.290
2002-02-20,4.030
2002-02-21,4.490
2002-02-22,3.570
2002-02-23,2.720
2002-02-24,3.390
2002-02-25,6.170
2002-02-26,7.490
2002-02-27,6.880
2002-02-28,5.690
2002-03-01,4.300
2002-03-02,3.300
2002-03-03,2.670
2002-03-04,2.270
2002-03-05,2.250
2002-03-06,2.100
2002-03-07,1.860
2002-03-08,1.620
2002-03-09,1.530
2002-03-10,1.470
2002-03-11,1.480
2002-03-12,1.460
2002-03-13,1.680
2002-03-14,1.700
2002-03-15,2.780
2002-03-16,3.850
2002-03-17,2.800
2002-03-18,3.900
2002-03-19,4.580
2002-03-20,3.810
2002-03-21,5.040
2002-03-22,3.640
2002-03-23,2.520
2002-03-24,2.090
2002-03-25,1.870
2002-03-26,1.650
2002-03-27,1.470
2002-03-28,1.370
2002-03-29,1.280
2002-03-30,1.180
2002-03-31,1.120
2002-04-01,1.080
2002-04-02,1.060
2002-04-03,1.000
2002-04-04,0.963
2002-04-05,0.916
2002-04-06,0.819
2002-04-07,0.767
2002-04-08,0.742
2002-04-09,0.762
2002-04-10,0.740
2002-04-11,0.538
2002-04-12,0.519
2002-04-13,,M
2002-04-14,,M
2002-04-15,,M
2002-04-16,,M
2002-04-17,,M
2002-04-18,,M
2002-04-19,,M
2002-04-20,,M
2002-04-21,,M
2002-04-22,,M
2002-04-23,,M
2002-04-24,,M
2002-04-25,,M
2002-04-26,,M
2002-04-27,,M
2002-04-28,,M
2002-04-29,0.756
2002-04-30,1.380
2002-05-01,1.720
2002-05-02,1.080
2002-05-03,0.786
2002-05-04,0.661
2002-05-05,0.577
2002-05-06,0.534
2002-05-07,0.704
2002-05-08,0.400
2002-05-09,1.000
2002-05-10,0.300
2002-05-11,0.700
2002-05-12,0.200
2002-05-13,0.800
2002-05-14,0.900
2002-05-15,0.700
2002-05-16,0.582
2002-05-17,0.465
2002-05-18,0.462
2002-05-19,0.426
2002-05-20,0.443
2002-05-21,0.585
2002-05-22,0.828
2002-05-23,0.626
2002-05-24,0.906
2002-05-25,0.766
2002-05-26,0.774
2002-05-27,0.708
2002-05-28,0.681
2002-05-29,0.600
2002-05-30,0.519
2002-05-31,0.476
2002-06-01,0.433
2002-06-02,0.395
2002-06-03,0.357
2002-06-04,0.334
2002-06-05,0.568
2002-06-06,1.190
2002-06-07,1.030
2002-06-08,1.010
2002-06-09,0.945
2002-06-10,0.943
2002-06-11,0.793
2002-06-12,0.669
2002-06-13,0.554
2002-06-14,0.542
2002-06-15,0.546
2002-06-16,0.537
2002-06-17,0.535
2002-06-18,0.495
2002-06-19,0.445
2002-06-20,0.353
2002-06-21,0.334
2002-06-22,0.367
2002-06-23,0.328
2002-06-24,0.304
2002-06-25,0.305
2002-06-26,0.290
2002-06-27,0.275
2002-06-28,0.298
2002-06-29,0.286
2002-06-30,0.282
2002-07-01,0.277
2002-07-02,0.290
2002-07-03,0.461
2002-07-04,0.421
2002-07-05,0.396
2002-07-06,0.387
2002-07-07,0.356
2002-07-08,0.381
2002-07-09,1.000
2002-07-10,0.988
2002-07-11,0.753
2002-07-12,0.654
2002-07-13,0.496
2002-07-14,0.429
2002-07-15,0.361
2002-07-16,0.320
2002-07-17,0.298
2002-07-18,0.293
2002-07-19,0.272
2002-07-20,0.257
2002-07-21,0.243
2002-07-22,0.238
2002-07-23,0.258
2002-07-24,0.267
2002-07-25,0.245
2002-07-26,0.235
2002-07-27,0.226
2002-07-28,0.230
2002-07-29,0.245
2002-07-30,0.407
2002-07-31,1.150
2002-08-01,1.890
2002-08-02,1.590
2002-08-03,1.200
2002-08-04,0.873
2002-08-05,0.651
2002-08-06,0.511
2002-08-07,0.473
2002-08-08,0.546
2002-08-09,0.672
2002-08-10,0.829
2002-08-11,0.703
2002-08-12,0.633
2002-08-13,0.565
2002-08-14,0.494
2002-08-15,0.441
2002-08-16,0.409
2002-08-17,0.380
2002-08-18,0.359
2002-08-19,0.356
2002-08-20,0.426
2002-08-21,0.371
2002-08-22,0.344
2002-08-23,0.335
2002-08-24,0.342
2002-08-25,0.348
2002-08-26,0.328
2002-08-27,0.327
2002-08-28,0.325
2002-08-29,0.309
2002-08-30,0.299
2002-08-31,0.276
2002-09-01,0.272
2002-09-02,0.273
2002-09-03,0.273
2002-09-04,0.255
2002-09-05,0.209
2002-09-06,0.124
2002-09-07,0.085
2002-09-08,0.138
2002-09-09,0.334
2002-09-10,0.555
2002-09-11,0.383
2002-09-12,0.342
2002-09-13,0.296
2002-09-14,0.249
2002-09-15,0.225
2002-09-16,0.227
2002-09-17,0.227
2002-09-18,0.237
2002-09-19,0.247
2002-09-20,0.254
2002-09-21,0.241
2002-09-22,0.203
2002-09-23,0.208
2002-09-24,0.213
2002-09-25,0.199
2002-09-26,0.205
2002-09-27,0.204
2002-09-28,0.205
2002-09-29,0.195
2002-09-30,0.195
2002-10-01,0.194
2002-10-02,0.198
2002-10-03,0.196
2002-10-04,0.189
2002-10-05,0.176
2002-10-06,0.199
2002-10-07,0.202
2002-10-08,0.218
2002-10-09,0.218
2002-10-10,0.209
2002-10-11,0.211
2002-10-12,0.382
2002-10-13,0.376
2002-10-14,0.558
2002-10-15,1.560
2002-10-16,2.520
2002-10-17,2.280
2002-10-18,1.510
2002-10-19,1.020
2002-10-20,0.905
2002-10-21,1.590
2002-10-22,3.910
2002-10-23,4.290
2002-10-24,3.640
2002-10-25,3.030
2002-10-26,2.180
2002-10-27,1.650
2002-10-28,1.450
2002-10-29,1.340
2002-10-30,1.500
2002-10-31,1.580
2002-11-01,1.660
2002-11-02,2.450
2002-11-03,4.160
2002-11-04,3.770
2002-11-05,3.610
2002-11-06,4.620
2002-11-07,5.220
2002-11-08,5.560
2002-11-09,5.840
2002-11-10,6.470
2002-11-11,6.610
2002-11-12,7.040
2002-11-13,8.140
2002-11-14,9.020
2002-11-15,9.090
2002-11-16,11.100
2002-11-17,11.600
2002-11-18,10.800
2002-11-19,10.700
2002-11-20,10.200
2002-11-21,9.340
2002-11-22,9.540
2002-11-23,10.100
2002-11-24,9.820
2002-11-25,9.290
2002-11-26,8.950
2002-11-27,8.420
2002-11-28,7.860
2002-11-29,7.840
2002-11-30,7.460
2002-12-01,7.520
2002-12-02,7.060
2002-12-03,6.380
2002-12-04,5.630
2002-12-05,4.950
2002-12-06,4.100
2002-12-07,3.310
2002-12-08,2.910
2002-12-09,2.590
2002-12-10,2.360
2002-12-11,2.170
2002-12-12,2.210
2002-12-13,2.190
2002-12-14,2.170
2002-12-15,3.360
2002-12-16,5.140
2002-12-17,5.300
2002-12-18,4.120
2002-12-19,2.830
2002-12-20,2.520
2002-12-21,3.590
2002-12-22,8.770
2002-12-23,8.840
2002-12-24,7.850
2002-12-25,8.270
2002-12-26,8.810
2002-12-27,9.400
2002-12-28,8.860
2002-12-29,10.300
2002-12-30,11.800
2002-12-31,11.400
2003-01-01,14.700
2003-01-02,18.100
2003-01-03,17.300
2003-01-04,17.500
2003-01-05,20.500
2003-01-06,18.100
2003-01-07,14.400
2003-01-08,12.400
2003-01-09,10.200
2003-01-10,8.140
2003-01-11,6.500
2003-01-12,5.370
2003-01-13,4.780
2003-01-14,4.650
2003-01-15,3.900
2003-01-16,3.210
2003-01-17,2.830
2003-01-18,2.770
2003-01-19,9.050
2003-01-20,10.300
2003-01-21,9.670
2003-01-22,9.830
2003-01-23,10.800
2003-01-24,10.800
2003-01-25,9.710
2003-01-26,7.590
2003-01-27,6.380
2003-01-28,5.100
2003-01-29,,M
2003-01-30,,M
2003-01-31,,M
2003-02-01,,M
2003-02-02,,M
2003-02-03,,M
2003-02-04,,M
2003-02-05,,M
2003-02-06,,M
2003-02-07,,M
2003-02-08,,M
2003-02-09,,M
2003-02-10,,M
2003-02-11,,M
2003-02-12,,M
2003-02-13,,M
2003-02-14,,M
2003-02-15,,M
2003-02-16,,M
2003-02-17,,M
2003-02-18,,M
2003-02-19,,M
2003-02-20,,M
2003-02-21,,M
2003-02-22,,M
2003-02-23,,M
2003-02-24,,M
2003-02-25,,M
2003-02-26,,M
2003-02-27,,M
2003-02-28,,M
2003-03-01,,M
2003-03-02,,M
2003-03-03,,M
2003-03-04,,M
2003-03-05,,M
2003-03-06,,M
2003-03-07,,M
2003-03-08,,M
2003-03-09,4.640
2003-03-10,3.400
2003-03-11,2.600
2003-03-12,1.700
2003-03-13,1.680
2003-03-14,1.590
2003-03-15,1.460
2003-03-16,1.340
2003-03-17,1.260
2003-03-18,1.190
2003-03-19,1.130
2003-03-20,1.090
2003-03-21,1.050
2003-03-22,0.981
2003-03-23,0.934
2003-03-24,0.902
2003-03-25,0.847
2003-03-26,0.825
2003-03-27,0.797
2003-03-28,0.775
2003-03-29,0.740
2003-03-30,0.687
2003-03-31,0.667
2003-04-01,0.727
2003-04-02,0.693
2003-04-03,0.650
2003-04-04,0.607
2003-04-05,0.585
2003-04-06,0.576
2003-04-07,0.564
2003-04-08,0.547
2003-04-09,0.536
2003-04-10,0.527
2003-04-11,0.527
2003-04-12,0.513
2003-04-13,0.490
2003-04-14,0.471
2003-04-15,0.497
2003-04-16,0.536
2003-04-17,0.446
2003-04-18,0.425
2003-04-19,0.412
2003-04-20,0.414
2003-04-21,0.494
2003-04-22,0.490
2003-04-23,0.491
2003-04-24,0.505
2003-04-25,0.555
2003-04-26,0.617
2003-04-27,0.600
2003-04-28,0.930
2003-04-29,0.727
2003-04-30,0.736
2003-05-01,0.792
2003-05-02,1.320
2003-05-03,1.180
2003-05-04,0.868
2003-05-05,0.687
2003-05-06,0.598
2003-05-07,0.504
2003-05-08,0.496
2003-05-09,0.465
2003-05-10,0.442
2003-05-11,0.433
2003-05-12,0.405
2003-05-13,0.429
2003-05-14,0.434
2003-05-15,0.430
2003-05-16,0.494
2003-05-17,0.608
2003-05-18,0.816
2003-05-19,0.956
2003-05-20,0.813
2003-05-21,0.662
2003-05-22,0.648
2003-05-23,0.570
2003-05-24,0.520
2003-05-25,0.474
2003-05-26,0.459
2003-05-27,0.451
2003-05-28,0.444
2003-05-29,0.425
2003-05-30,0.404
2003-05-31,0.383
2003-06-01,0.364
2003-06-02,0.351
2003-06-03,0.337
2003-06-04,0.239
2003-06-05,0.236
2003-06-06,0.390
2003-06-07,0.650
2003-06-08,0.933
2003-06-09,0.641
2003-06-10,0.545
2003-06-11,0.454
2003-06-12,0.395
2003-06-13,0.344
2003-06-14,0.320
2003-06-15,0.288
2003-06-16,0.279
2003-06-17,0.290
2003-06-18,0.279
2003-06-19,0.270
2003-06-20,0.255
2003-06-21,0.244
2003-06-22,0.276
2003-06-23,0.712
2003-06-24,0.521
2003-06-25,0.396
2003-06-26,0.378
2003-06-27,0.340
2003-06-28,0.309
2003-06-29,0.264
2003-06-30,0.330
2003-07-01,0.533
2003-07-02,0.397
2003-07-03,0.355
2003-07-04,0.325
2003-07-05,0.281
2003-07-06,0.275
2003-07-07,0.256
2003-07-08,0.264
2003-07-09,0.253
2003-07-10,0.240
2003-07-11,0.220
2003-07-12,0.207
2003-07-13,0.199
2003-07-14,0.206
2003-07-15,0.204
2003-07-16,0.197
2003-07-17,0.272
2003-07-18,0.412
2003-07-19,0.294
2003-07-20,0.233
2003-07-21,0.216
2003-07-22,0.205
2003-07-23,0.200
2003-07-24,0.200
2003-07-25,0.350
2003-07-26,0.539
2003-07-27,0.572
2003-07-28,0.395
2003-07-29,0.362
2003-07-30,0.541
2003-07-31,0.441
2003-08-01,0.447
2003-08-02,0.429
2003-08-03,0.346
2003-08-04,0.315
2003-08-05,0.288
2003-08-06,0.262
2003-08-07,0.254
2003-08-08,0.253
2003-08-09,0.247
2003-08-10,0.227
2003-08-11,0.253
2003-08-12,0.232
2003-08-13,0.209
2003-08-14,0.189
2003-08-15,0.174
2003-08-16,0.176
2003-08-17,0.185
2003-08-18,0.177
2003-08-19,0.159
2003-08-20,0.165
2003-08-21,0.186
2003-08-22,0.180
2003-08-23,0.198
2003-08-24,0.181
2003-08-25,0.148
2003-08-26,0.146
2003-08-27,0.166
2003-08-28,0.166
2003-08-29,0.178
2003-08-30,0.178
2003-08-31,0.164
2003-09-01,0.155
2003-09-02,0.167
2003-09-03,0.175
2003-09-04,0.172
2003-09-05,0.178
2003-09-06,0.182
2003-09-07,0.174
2003-09-08,0.169
2003-09-09,0.159
2003-09-10,0.199
2003-09-11,0.214
2003-09-12,0.211
2003-09-13,0.197
2003-09-14,0.184
2003-09-15,0.175
2003-09-16,0.164
2003-09-17,0.154
2003-09-18,0.149
2003-09-19,0.173
2003-09-20,0.171
2003-09-21,0.166
2003-09-22,0.165
2003-09-23,0.171
2003-09-24,0.182
2003-09-25,0.163
2003-09-26,0.155
2003-09-27,0.151
2003-09-28,0.144
2003-09-29,0.148
2003-09-30,0.134
2003-10-01,0.124
2003-10-02,0.109
2003-10-03,0.133
2003-10-04,0.119
2003-10-05,0.136
2003-10-06,0.152
2003-10-07,0.131
2003-10-08,0.146
2003-10-09,0.152
2003-10-10,0.207
2003-10-11,0.164
2003-10-12,0.127
2003-10-13,0.132
2003-10-14,0.132
2003-10-15,0.136
2003-10-16,0.127
2003-10-17,0.129
2003-10-18,0.126
2003-10-19,0.114
2003-10-20,0.112
2003-10-21,0.108
2003-10-22,0.098
2003-10-23,0.132
2003-10-24,0.127
2003-10-25,0.135
2003-10-26,0.132
2003-10-27,0.123
2003-10-28,0.143
2003-10-29,0.211
2003-10-30,0.349
2003-10-31,0.521
2003-11-01,0.378
2003-11-02,0.394
2003-11-03,0.409
2003-11-04,0.326
2003-11-05,0.300
2003-11-06,0.276
2003-11-07,0.246
2003-11-08,0.222
2003-11-09,0.210
2003-11-10,0.222
2003-11-11,0.213
2003-11-12,0.233
2003-11-13,0.248
2003-11-14,0.270
2003-11-15,0.267
2003-11-16,0.235
2003-11-17,0.259
2003-11-18,0.321
2003-11-19,0.273
2003-11-20,0.251
2003-11-21,0.494
2003-11-22,0.821
2003-11-23,1.100
2003-11-24,1.440
2003-11-25,0.738
2003-11-26,1.980
2003-11-27,2.100
2003-11-28,1.570
2003-11-29,1.120
2003-11-30,0.947
2003-12-01,1.930
2003-12-02,2.400
2003-12-03,1.940
2003-12-04,0.947
2003-12-05,0.762
2003-12-06,0.806
2003-12-07,0.708
2003-12-08,0.548
2003-12-09,0.579
2003-12-10,0.581
2003-12-11,1.670
2003-12-12,1.700
2003-12-13,3.400
2003-12-14,3.720
2003-12-15,2.870
2003-12-16,1.900
2003-12-17,1.570
2003-12-18,1.390
2003-12-19,1.210
2003-12-20,1.890
2003-12-21,2.530
2003-12-22,2.200
2003-12-23,1.810
2003-12-24,1.680
2003-12-25,1.660
2003-12-26,1.800
2003-12-27,2.530
2003-12-28,2.740
2003-12-29,2.500
2003-12-30,3.090
2003-12-31,3.910
2004-01-01,5.990
2004-01-02,5.840
2004-01-03,5.030
2004-01-04,3.570
2004-01-05,2.920
2004-01-06,2.520
2004-01-07,2.330
2004-01-08,4.570
2004-01-09,5.680
2004-01-10,5.510
2004-01-11,6.400
2004-01-12,7.450
2004-01-13,8.520
2004-01-14,8.720
2004-01-15,8.610
2004-01-16,8.760
2004-01-17,7.990
2004-01-18,6.460
2004-01-19,4.460
2004-01-20,3.370
2004-01-21,2.860
2004-01-22,3.100
2004-01-23,4.220
2004-01-24,5.740
2004-01-25,5.610
2004-01-26,4.310
2004-01-27,3.160
2004-01-28,2.680
2004-01-29,2.370
2004-01-30,2.300
2004-01-31,7.120
2004-02-01,9.180
2004-02-02,8.060
2004-02-03,4.090
2004-02-04,4.520
2004-02-05,4.230
2004-02-06,4.870
2004-02-07,5.250
2004-02-08,4.850
2004-02-09,4.720
2004-02-10,4.270
2004-02-11,3.240
2004-02-12,2.260
2004-02-13,1.520
2004-02-14,1.350
2004-02-15,1.320
2004-02-16,1.100
2004-02-17,0.997
2004-02-18,1.060
2004-02-19,0.576
2004-02-20,0.808
2004-02-21,0.802
2004-02-22,0.725
2004-02-23,0.654
2004-02-24,0.637
2004-02-25,0.602
2004-02-26,0.438
2004-02-27,0.406
2004-02-28,0.370
2004-02-29,0.426
2004-03-01,0.410
2004-03-02,0.378
2004-03-03,0.387
2004-03-04,0.412
2004-03-05,0.429
2004-03-06,0.411
2004-03-07,0.403
2004-03-08,0.377
2004-03-09,0.359
2004-03-10,0.366
2004-03-11,0.371
2004-03-12,0.569
2004-03-13,1.620
2004-03-14,2.590
2004-03-15,2.670
2004-03-16,1.700
2004-03-17,1.150
2004-03-18,0.760
2004-03-19,0.764
2004-03-20,1.700
2004-03-21,2.140
2004-03-22,2.020
2004-03-23,1.980
2004-03-24,1.670
2004-03-25,1.570
2004-03-26,1.010
2004-03-27,1.250
2004-03-28,1.230
2004-03-29,1.140
2004-03-30,1.070
2004-03-31,1.000
2004-04-01,0.954
2004-04-02,0.954
2004-04-03,0.935
2004-04-04,1.210
2004-04-05,1.160
2004-04-06,1.230
2004-04-07,1.340
2004-04-08,1.210
2004-04-09,1.070
2004-04-10,0.942
2004-04-11,0.846
2004-04-12,0.761
2004-04-13,0.750
2004-04-14,0.731
2004-04-15,0.670
2004-04-16,0.649
2004-04-17,0.646
2004-04-18,2.140
2004-04-19,3.760
2004-04-20,2.410
2004-04-21,1.310
2004-04-22,1.370
2004-04-23,1.320
2004-04-24,1.200
2004-04-25,1.020
2004-04-26,0.895
2004-04-27,0.835
2004-04-28,1.110
2004-04-29,1.740
2004-04-30,2.500
2004-05-01,2.740
2004-05-02,2.860
2004-05-03,2.960
2004-05-04,5.100
2004-05-05,5.970
2004-05-06,5.640
2004-05-07,3.900
2004-05-08,2.440
2004-05-09,2.210
2004-05-10,1.960
2004-05-11,1.650
2004-05-12,1.010
2004-05-13,1.090
2004-05-14,1.080
2004-05-15,0.984
2004-05-16,0.909
2004-05-17,0.702
2004-05-18,0.745
2004-05-19,0.744
2004-05-20,0.692
2004-05-21,0.678
2004-05-22,0.661
2004-05-23,0.634
2004-05-24,0.612
2004-05-25,0.587
2004-05-26,0.587
2004-05-27,0.555
2004-05-28,0.522
2004-05-29,0.516
2004-05-30,0.477
2004-05-31,0.424
2004-06-01,0.667
2004-06-02,0.572
2004-06-03,0.479
2004-06-04,0.425
2004-06-05,0.445
2004-06-06,0.440
2004-06-07,0.440
2004-06-08,0.425
2004-06-09,0.389
2004-06-10,0.361
2004-06-11,0.325
2004-06-12,0.288
2004-06-13,0.251
2004-06-14,0.244
2004-06-15,0.240
2004-06-16,0.232
2004-06-17,0.232
2004-06-18,0.231
2004-06-19,0.231
2004-06-20,0.231
2004-06-21,0.231
2004-06-22,0.255
2004-06-23,0.455
2004-06-24,0.458
2004-06-25,0.439
2004-06-26,0.422
2004-06-27,0.288
2004-06-28,0.243
2004-06-29,0.201
2004-06-30,0.269
2004-07-01,0.387
2004-07-02,0.317
2004-07-03,0.472
2004-07-04,0.248
2004-07-05,0.275
2004-07-06,0.242
2004-07-07,0.269
2004-07-08,0.486
2004-07-09,0.764
2004-07-10,0.686
2004-07-11,0.666
2004-07-12,0.480
2004-07-13,0.432
2004-07-14,0.541
2004-07-15,0.497
2004-07-16,0.447
2004-07-17,0.405
2004-07-18,0.345
2004-07-19,0.316
2004-07-20,0.275
2004-07-21,0.232
2004-07-22,0.222
2004-07-23,0.236
2004-07-24,0.139
2004-07-25,0.194
2004-07-26,0.179
2004-07-27,0.174
2004-07-28,0.164
2004-07-29,0.147
2004-07-30,0.136
2004-07-31,0.123
2004-08-01,0.089
2004-08-02,0.150
2004-08-03,0.148
2004-08-04,0.421
2004-08-05,0.346
2004-08-06,0.258
2004-08-07,0.206
2004-08-08,0.193
2004-08-09,0.620
2004-08-10,2.220
2004-08-11,1.910
2004-08-12,1.540
2004-08-13,1.310
2004-08-14,0.968
2004-08-15,0.731
2004-08-16,0.790
2004-08-17,0.908
2004-08-18,0.716
2004-08-19,0.848
2004-08-20,0.723
2004-08-21,0.826
2004-08-22,0.705
2004-08-23,1.250
2004-08-24,1.660
2004-08-25,1.870
2004-08-26,1.840
2004-08-27,1.670
2004-08-28,1.290
2004-08-29,1.050
2004-08-30,1.020
2004-08-31,1.080
2004-09-01,0.767
2004-09-02,0.752
2004-09-03,0.628
2004-09-04,0.576
2004-09-05,0.497
2004-09-06,0.481
2004-09-07,0.438
2004-09-08,0.404
2004-09-09,0.383
2004-09-10,0.410
2004-09-11,0.421
2004-09-12,0.387
2004-09-13,0.517
2004-09-14,0.561
2004-09-15,0.494
2004-09-16,0.443
2004-09-17,0.443
2004-09-18,0.447
2004-09-19,0.406
2004-09-20,0.371
2004-09-21,0.355
2004-09-22,0.338
2004-09-23,0.333
2004-09-24,0.345
2004-09-25,0.337
2004-09-26,0.346
2004-09-27,0.329
2004-09-28,0.315
2004-09-29,0.316
2004-09-30,0.335
2004-10-01,0.370
2004-10-02,0.415
2004-10-03,0.487
2004-10-04,1.600
2004-10-05,1.280
2004-10-06,0.986
2004-10-07,0.908
2004-10-08,0.740
2004-10-09,0.621
2004-10-10,0.538
2004-10-11,0.510
2004-10-12,0.519
2004-10-13,1.210
2004-10-14,2.670
2004-10-15,2.230
2004-10-16,2.380
2004-10-17,2.270
2004-10-18,1.070
2004-10-19,0.952
2004-10-20,1.720
2004-10-21,2.960
2004-10-22,3.830
2004-10-23,4.240
2004-10-24,4.860
2004-10-25,5.360
2004-10-26,5.100
2004-10-27,4.270
2004-10-28,3.920
2004-10-29,4.120
2004-10-30,3.390
2004-10-31,2.910
2004-11-01,2.500
2004-11-02,2.270
2004-11-03,1.940
2004-11-04,1.530
2004-11-05,1.150
2004-11-06,1.680
2004-11-07,1.580
2004-11-08,1.520
2004-11-09,1.450
2004-11-10,1.150
2004-11-11,1.230
2004-11-12,1.190
2004-11-13,1.080
2004-11-14,1.020
2004-11-15,0.974
2004-11-16,0.939
2004-11-17,0.896
2004-11-18,2.530
2004-11-19,5.360
2004-11-20,5.120
2004-11-21,4.650
2004-11-22,5.180
2004-11-23,4.760
2004-11-24,3.590
2004-11-25,2.650
2004-11-26,1.990
2004-11-27,1.930
2004-11-28,1.760
2004-11-29,1.630
2004-11-30,1.760
2004-12-01,1.300
2004-12-02,1.460
2004-12-03,1.340
2004-12-04,1.220
2004-12-05,1.160
2004-12-06,1.120
2004-12-07,1.070
2004-12-08,1.040
2004-12-09,1.020
2004-12-10,1.010
2004-12-11,0.958
2004-12-12,0.886
2004-12-13,0.830
2004-12-14,0.830
2004-12-15,0.847
2004-12-16,0.850
2004-12-17,1.410
2004-12-18,1.960
2004-12-19,2.830
2004-12-20,2.400
2004-12-21,1.760
2004-12-22,1.350
2004-12-23,1.510
2004-12-24,2.170
2004-12-25,2.710
2004-12-26,2.230
2004-12-27,1.880
2004-12-28,4.650
2004-12-29,4.790
2004-12-30,4.440
2004-12-31,3.220
2005-01-01,1.840
2005-01-02,1.420
2005-01-03,1.210
2005-01-04,1.560
2005-01-05,1.360
2005-01-06,1.350
2005-01-07,1.360
2005-01-08,1.390
2005-01-09,1.300
2005-01-10,1.310
2005-01-11,1.290
2005-01-12,1.270
2005-01-13,1.200
2005-01-14,1.100
2005-01-15,1.050
2005-01-16,1.030
2005-01-17,1.030
2005-01-18,1.040
2005-01-19,0.993
2005-01-20,0.940
2005-01-21,0.900
2005-01-22,0.922
2005-01-23,0.894
2005-01-24,0.859
2005-01-25,0.816
2005-01-26,0.756
2005-01-27,0.745
2005-01-28,0.796
2005-01-29,0.798
2005-01-30,0.775
2005-01-31,0.768
2005-02-01,0.730
2005-02-02,0.718
2005-02-03,0.721
2005-02-04,0.707
2005-02-05,0.718
2005-02-06,0.704
2005-02-07,0.641
2005-02-08,0.610
2005-02-09,0.579
2005-02-10,0.588
2005-02-11,0.604
2005-02-12,0.671
2005-02-13,0.953
2005-02-14,1.140
2005-02-15,1.020
2005-02-16,0.820
2005-02-17,0.598
2005-02-18,0.560
2005-02-19,0.541
2005-02-20,0.508
2005-02-21,0.489
2005-02-22,0.455
2005-02-23,0.454
2005-02-24,0.710
2005-02-25,1.590
2005-02-26,1.530
2005-02-27,1.200
2005-02-28,0.993
2005-03-01,1.240
2005-03-02,2.330
2005-03-03,2.030
2005-03-04,1.500
2005-03-05,1.560
2005-03-06,1.190
2005-03-07,0.825
2005-03-08,0.735
2005-03-09,0.681
2005-03-10,0.652
2005-03-11,0.654
2005-03-12,0.699
2005-03-13,0.651
2005-03-14,0.635
2005-03-15,0.628
2005-03-16,0.616
2005-03-17,0.584
2005-03-18,0.530
2005-03-19,0.501
2005-03-20,0.501
2005-03-21,0.516
2005-03-22,0.604
2005-03-23,0.552
2005-03-24,0.697
2005-03-25,0.708
2005-03-26,0.680
2005-03-27,0.646
2005-03-28,0.631
2005-03-29,1.150
2005-03-30,5.710
2005-03-31,5.630
2005-04-01,4.880
2005-04-02,3.680
2005-04-03,1.850
2005-04-04,1.210
2005-04-05,1.130
2005-04-06,1.270
2005-04-07,1.300
2005-04-08,1.280
2005-04-09,1.210
2005-04-10,1.130
2005-04-11,0.867
2005-04-12,0.935
2005-04-13,1.040
2005-04-14,1.040
2005-04-15,0.999
2005-04-16,0.899
2005-04-17,0.870
2005-04-18,0.808
2005-04-19,1.130
2005-04-20,1.110
2005-04-21,0.896
2005-04-22,0.812
2005-04-23,0.744
2005-04-24,0.705
2005-04-25,1.860
2005-04-26,4.100
2005-04-27,4.610
2005-04-28,3.790
2005-04-29,2.310
2005-04-30,1.340
2005-05-01,1.250
2005-05-02,1.040
2005-05-03,0.960
2005-05-04,0.872
2005-05-05,0.693
2005-05-06,0.734
2005-05-07,0.668
2005-05-08,0.611
2005-05-09,0.601
2005-05-10,0.562
2005-05-11,0.682
2005-05-12,0.509
2005-05-13,0.419
2005-05-14,0.405
2005-05-15,0.408
2005-05-16,0.403
2005-05-17,0.401
2005-05-18,0.397
2005-05-19,0.367
2005-05-20,0.427
2005-05-21,1.090
2005-05-22,1.550
2005-05-23,1.360
2005-05-24,0.640
2005-05-25,0.488
2005-05-26,0.507
2005-05-27,0.501
2005-05-28,0.431
2005-05-29,0.418
2005-05-30,0.388
2005-05-31,0.412
2005-06-01,0.408
2005-06-02,0.365
2005-06-03,0.416
2005-06-04,0.468
2005-06-05,0.397
2005-06-06,0.338
2005-06-07,0.144
2005-06-08,0.212
2005-06-09,0.226
2005-06-10,0.204
2005-06-11,0.148
2005-06-12,0.115
2005-06-13,0.176
2005-06-14,0.209
2005-06-15,0.243
2005-06-16,0.275
2005-06-17,0.216
2005-06-18,0.180
2005-06-19,0.122
2005-06-20,0.169
2005-06-21,0.177
2005-06-22,0.188
2005-06-23,0.179
2005-06-24,0.382
2005-06-25,0.432
2005-06-26,0.461
2005-06-27,0.424
2005-06-28,0.418
2005-06-29,1.350
2005-06-30,1.320
2005-07-01,0.886
2005-07-02,0.613
2005-07-03,0.465
2005-07-04,0.370
2005-07-05,0.344
2005-07-06,0.364
2005-07-07,0.324
2005-07-08,0.285
2005-07-09,0.285
2005-07-10,0.205
2005-07-11,0.155
2005-07-12,0.143
2005-07-13,0.137
2005-07-14,0.151
2005-07-15,0.137
2005-07-16,0.173
2005-07-17,0.139
2005-07-18,0.084
2005-07-19,0.087
2005-07-20,0.088
2005-07-21,0.068
2005-07-22,0.088
2005-07-23,0.110
2005-07-24,0.157
2005-07-25,0.295
2005-07-26,0.217
2005-07-27,0.257
2005-07-28,0.301
2005-07-29,0.303
2005-07-30,0.253
2005-07-31,0.209
2005-08-01,0.201
2005-08-02,0.156
2005-08-03,0.136
2005-08-04,0.140
2005-08-05,0.152
2005-08-06,0.153
2005-08-07,0.091
2005-08-08,0.108
2005-08-09,0.097
2005-08-10,0.097
2005-08-11,0.044
2005-08-12,0.071
2005-08-13,0.116
2005-08-14,0.228
2005-08-15,0.187
2005-08-16,0.138
2005-08-17,0.139
2005-08-18,0.073
2005-08-19,0.056
2005-08-20,0.074
2005-08-21,0.074
2005-08-22,0.276
2005-08-23,0.497
2005-08-24,0.366
2005-08-25,0.379
2005-08-26,0.344
2005-08-27,0.259
2005-08-28,0.240
2005-08-29,0.192
2005-08-30,0.151
2005-08-31,0.149
2005-09-01,0.168
2005-09-02,0.125
2005-09-03,0.110
2005-09-04,0.108
2005-09-05,0.095
2005-09-06,0.091
2005-09-07,0.061
2005-09-08,0.057
2005-09-09,0.121
2005-09-10,0.968
2005-09-11,1.360
2005-09-12,0.784
2005-09-13,0.559
2005-09-14,0.440
2005-09-15,0.477
2005-09-16,0.650
2005-09-17,0.482
2005-09-18,0.400
2005-09-19,0.368
2005-09-20,0.381
2005-09-21,0.383
2005-09-22,0.355
2005-09-23,0.301
2005-09-24,0.309
2005-09-25,0.325
2005-09-26,0.328
2005-09-27,0.312
2005-09-28,0.300
2005-09-29,0.348
2005-09-30,0.344
2005-10-01,0.349
2005-10-02,0.332
2005-10-03,0.297
2005-10-04,0.309
2005-10-05,0.284
2005-10-06,0.267
2005-10-07,0.261
2005-10-08,0.245
2005-10-09,0.289
2005-10-10,0.284
2005-10-11,0.280
2005-10-12,0.271
2005-10-13,0.265
2005-10-14,0.291
2005-10-15,0.284
2005-10-16,0.264
2005-10-17,0.275
2005-10-18,0.256
2005-10-19,0.418
2005-10-20,0.468
2005-10-21,0.401
2005-10-22,0.399
2005-10-23,0.334
2005-10-24,1.020
2005-10-25,1.660
2005-10-26,1.140
2005-10-27,0.940
2005-10-28,0.758
2005-10-29,0.694
2005-10-30,0.681
2005-10-31,0.668
2005-11-01,0.654
2005-11-02,0.724
2005-11-03,2.310
2005-11-04,1.710
2005-11-05,1.140
2005-11-06,1.740
2005-11-07,2.420
2005-11-08,2.010
2005-11-09,1.640
2005-11-10,1.140
2005-11-11,0.941
2005-11-12,0.840
2005-11-13,0.733
2005-11-14,0.639
2005-11-15,0.588
2005-11-16,0.554
2005-11-17,0.431
2005-11-18,0.678
2005-11-19,0.733
2005-11-20,0.710
2005-11-21,0.679
2005-11-22,0.662
2005-11-23,0.648
2005-11-24,0.533
2005-11-25,0.533
2005-11-26,0.536
2005-11-27,0.524
2005-11-28,0.502
2005-11-29,0.493
2005-11-30,0.474
2005-12-01,0.522
2005-12-02,2.540
2005-12-03,3.310
2005-12-04,3.070
2005-12-05,2.500
2005-12-06,1.820
2005-12-07,1.470
2005-12-08,1.090
2005-12-09,0.629
2005-12-10,0.917
2005-12-11,0.845
2005-12-12,0.770
2005-12-13,0.700
2005-12-14,0.613
2005-12-15,0.631
2005-12-16,0.628
2005-12-17,0.590
2005-12-18,0.565
2005-12-19,0.605
2005-12-20,0.553
2005-12-21,0.532
2005-12-22,0.527
2005-12-23,0.526
2005-12-24,0.512
2005-12-25,0.486
2005-12-26,0.476
2005-12-27,0.470
2005-12-28,0.470
2005-12-29,0.472
2005-12-30,0.963
2005-12-31,1.620
2006-01-01,1.390
2006-01-02,1.030
2006-01-03,0.818
2006-01-04,0.851
2006-01-05,0.789
2006-01-06,0.727
2006-01-07,0.691
2006-01-08,0.782
2006-01-09,1.070
2006-01-10,1.050
2006-01-11,1.040
2006-01-12,0.977
2006-01-13,0.823
2006-01-14,0.820
2006-01-15,0.852
2006-01-16,0.819
2006-01-17,0.838
2006-01-18,0.854
2006-01-19,0.841
2006-01-20,0.794
2006-01-21,0.706
2006-01-22,0.611
2006-01-23,0.569
2006-01-24,0.547
2006-01-25,0.533
2006-01-26,0.518
2006-01-27,0.500
2006-01-28,0.490
2006-01-29,0.474
2006-01-30,0.465
2006-01-31,0.458
2006-02-01,0.466
2006-02-02,0.472
2006-02-03,0.460
2006-02-04,0.440
2006-02-05,0.432
2006-02-06,0.425
2006-02-07,0.480
2006-02-08,0.484
2006-02-09,0.453
2006-02-10,0.432
2006-02-11,0.416
2006-02-12,0.728
2006-02-13,1.000
2006-02-14,1.050
2006-02-15,3.490
2006-02-16,3.160
2006-02-17,2.450
2006-02-18,1.950
2006-02-19,1.580
2006-02-20,0.924
2006-02-21,1.150
2006-02-22,0.796
2006-02-23,1.140
2006-02-24,1.430
2006-02-25,1.400
2006-02-26,1.220
2006-02-27,1.110
2006-02-28,1.070
2006-03-01,0.991
2006-03-02,0.935
2006-03-03,0.882
2006-03-04,0.826
2006-03-05,0.769
2006-03-06,0.727
2006-03-07,1.000
2006-03-08,2.480
2006-03-09,4.490
2006-03-10,4.290
2006-03-11,2.960
2006-03-12,1.710
2006-03-13,1.350
2006-03-14,1.250
2006-03-15,1.380
2006-03-16,1.210
2006-03-17,1.140
2006-03-18,1.050
2006-03-19,0.999
2006-03-20,0.965
2006-03-21,0.910
2006-03-22,0.871
2006-03-23,0.859
2006-03-24,0.938
2006-03-25,0.922
2006-03-26,1.020
2006-03-27,1.040
2006-03-28,0.978
2006-03-29,1.080
2006-03-30,4.320
2006-03-31,8.710
2006-04-01,8.560
2006-04-02,7.330
2006-04-03,5.770
2006-04-04,3.110
2006-04-05,2.140
2006-04-06,2.080
2006-04-07,1.820
2006-04-08,1.920
2006-04-09,1.660
2006-04-10,1.530
2006-04-11,1.590
2006-04-12,1.620
2006-04-13,1.320
2006-04-14,1.330
2006-04-15,1.210
2006-04-16,1.110
2006-04-17,1.020
2006-04-18,0.890
2006-04-19,0.776
2006-04-20,1.000
2006-04-21,0.701
2006-04-22,0.807
2006-04-23,0.795
2006-04-24,0.783
2006-04-25,0.778
2006-04-26,0.688
2006-04-27,0.635
2006-04-28,0.586
2006-04-29,0.645
2006-04-30,0.691
2006-05-01,1.060
2006-05-02,0.927
2006-05-03,0.782
2006-05-04,0.683
2006-05-05,0.634
2006-05-06,0.647
2006-05-07,0.632
2006-05-08,1.790
2006-05-09,1.560
2006-05-10,1.160
2006-05-11,0.875
2006-05-12,0.750
2006-05-13,0.715
2006-05-14,1.080
2006-05-15,1.120
2006-05-16,0.815
2006-05-17,0.792
2006-05-18,0.867
2006-05-19,0.757
2006-05-20,1.080
2006-05-21,1.220
2006-05-22,3.170
2006-05-23,4.520
2006-05-24,4.160
2006-05-25,3.900
2006-05-26,4.130
2006-05-27,4.470
2006-05-28,4.830
2006-05-29,4.490
2006-05-30,3.340
2006-05-31,1.970
2006-06-01,1.320
2006-06-02,1.120
2006-06-03,1.130
2006-06-04,0.943
2006-06-05,0.856
2006-06-06,0.794
2006-06-07,0.729
2006-06-08,0.643
2006-06-09,0.621
2006-06-10,0.580
2006-06-11,0.542
2006-06-12,0.587
2006-06-13,0.532
2006-06-14,0.523
2006-06-15,0.513
2006-06-16,0.471
2006-06-17,0.481
2006-06-18,0.457
2006-06-19,0.446
2006-06-20,0.365
2006-06-21,0.192
2006-06-22,0.118
2006-06-23,0.207
2006-06-24,0.287
2006-06-25,0.267
2006-06-26,0.299
2006-06-27,0.277
2006-06-28,0.292
2006-06-29,0.288
2006-06-30,0.307
2006-07-01,0.286
2006-07-02,0.307
2006-07-03,0.285
2006-07-04,0.320
2006-07-05,0.294
2006-07-06,1.190
2006-07-07,1.460
2006-07-08,1.070
2006-07-09,0.720
2006-07-10,0.552
2006-07-11,0.404
2006-07-12,0.353
2006-07-13,0.309
2006-07-14,0.282
2006-07-15,0.267
2006-07-16,0.271
2006-07-17,0.277
2006-07-18,0.290
2006-07-19,0.267
2006-07-20,0.281
2006-07-21,0.305
2006-07-22,0.810
2006-07-23,1.730
2006-07-24,1.080
2006-07-25,0.755
2006-07-26,0.660
2006-07-27,0.610
2006-07-28,0.474
2006-07-29,0.367
2006-07-30,0.337
2006-07-31,0.341
2006-08-01,0.468
2006-08-02,0.367
2006-08-03,0.327
2006-08-04,0.301
2006-08-05,0.298
2006-08-06,0.288
2006-08-07,0.264
2006-08-08,0.269
2006-08-09,0.252
2006-08-10,0.242
2006-08-11,0.248
2006-08-12,0.250
2006-08-13,0.238
2006-08-14,0.309
2006-08-15,0.302
2006-08-16,0.311
2006-08-17,0.289
2006-08-18,0.309
2006-08-19,0.575
2006-08-20,1.270
2006-08-21,1.250
2006-08-22,1.100
2006-08-23,0.757
2006-08-24,0.910
2006-08-25,0.666
2006-08-26,0.610
2006-08-27,0.553
2006-08-28,0.529
2006-08-29,0.488
2006-08-30,0.463
2006-08-31,0.447
2006-09-01,0.431
2006-09-02,0.415
2006-09-03,0.399
2006-09-04,0.383
2006-09-05,0.367
2006-09-06,0.331
2006-09-07,0.308
2006-09-08,0.287
2006-09-09,0.282
2006-09-10,0.286
2006-09-11,0.272
2006-09-12,0.265
2006-09-13,0.215
2006-09-14,0.330
2006-09-15,0.477
2006-09-16,0.402
2006-09-17,0.334
2006-09-18,0.307
2006-09-19,0.281
2006-09-20,0.263
2006-09-21,0.238
2006-09-22,0.305
2006-09-23,0.561
2006-09-24,0.454
2006-09-25,0.428
2006-09-26,0.396
2006-09-27,0.380
2006-09-28,0.352
2006-09-29,0.446
2006-09-30,0.880
2006-10-01,1.220
2006-10-02,0.697
2006-10-03,0.905
2006-10-04,0.775
2006-10-05,0.686
2006-10-06,0.642
2006-10-07,0.574
2006-10-08,0.557
2006-10-09,0.617
2006-10-10,0.596
2006-10-11,2.100
2006-10-12,4.890
2006-10-13,5.050
2006-10-14,5.010
2006-10-15,5.560
2006-10-16,6.420
2006-10-17,6.520
2006-10-18,4.510
2006-10-19,2.170
2006-10-20,7.440
2006-10-21,8.300
2006-10-22,8.080
2006-10-23,8.480
2006-10-24,8.030
2006-10-25,7.440
2006-10-26,6.680
2006-10-27,5.410
2006-10-28,4.050
2006-10-29,2.650
2006-10-30,2.020
2006-10-31,1.920
2006-11-01,1.680
2006-11-02,1.500
2006-11-03,1.380
2006-11-04,1.270
2006-11-05,1.180
2006-11-06,1.120
2006-11-07,1.070
2006-11-08,1.010
2006-11-09,0.976
2006-11-10,1.020
2006-11-11,1.520
2006-11-12,1.400
2006-11-13,1.350
2006-11-14,1.260
2006-11-15,1.180
2006-11-16,1.240
2006-11-17,3.420
2006-11-18,6.900
2006-11-19,7.750
2006-11-20,7.730
2006-11-21,7.370
2006-11-22,6.520
2006-11-23,8.700
2006-11-24,8.640
2006-11-25,11.300
2006-11-26,10.200
2006-11-27,7.960
2006-11-28,10.600
2006-11-29,11.700
2006-11-30,11.800
2006-12-01,12.200
2006-12-02,12.700
2006-12-03,12.500
2006-12-04,12.100
2006-12-05,11.500
2006-12-06,11.600
2006-12-07,11.100
2006-12-08,10.500
2006-12-09,8.940
2006-12-10,7.960
2006-12-11,9.310
2006-12-12,9.720
2006-12-13,9.170
2006-12-14,8.130
2006-12-15,6.230
2006-12-16,7.750
2006-12-17,7.760
2006-12-18,6.980
2006-12-19,5.650
2006-12-20,4.430
2006-12-21,3.600
2006-12-22,3.120
2006-12-23,2.740
2006-12-24,2.450
2006-12-25,2.160
2006-12-26,1.610
2006-12-27,1.500
2006-12-28,2.120
2006-12-29,2.460
2006-12-30,6.640
2006-12-31,10.500
2007-01-01,10.200
2007-01-02,9.040
2007-01-03,9.510
2007-01-04,10.700
2007-01-05,10.200
2007-01-06,10.700
2007-01-07,11.500
2007-01-08,11.500
2007-01-09,11.000
2007-01-10,14.200
2007-01-11,13.600
2007-01-12,12.500
2007-01-13,13.700
2007-01-14,13.800
2007-01-15,12.500
2007-01-16,11.100
2007-01-17,10.400
2007-01-18,12.000
2007-01-19,12.400
2007-01-20,11.800
2007-01-21,10.600
2007-01-22,8.750
2007-01-23,5.710
2007-01-24,4.410
2007-01-25,3.840
2007-01-26,3.620
2007-01-27,3.070
2007-01-28,2.740
2007-01-29,2.500
2007-01-30,2.260
2007-01-31,2.220
2007-02-01,1.470
2007-02-02,1.700
2007-02-03,1.550
2007-02-04,1.500
2007-02-05,1.440
2007-02-06,1.410
2007-02-07,1.310
2007-02-08,1.370
2007-02-09,1.950
2007-02-10,9.100
2007-02-11,13.300
2007-02-12,10.300
2007-02-13,9.960
2007-02-14,11.100
2007-02-15,10.300
2007-02-16,8.660
2007-02-17,5.660
2007-02-18,3.650
2007-02-19,3.180
2007-02-20,2.660
2007-02-21,3.020
2007-02-22,2.960
2007-02-23,3.700
2007-02-24,6.510
2007-02-25,10.700
2007-02-26,9.570
2007-02-27,11.000
2007-02-28,12.100
2007-03-01,11.500
2007-03-02,10.500
2007-03-03,11.100
2007-03-04,10.500
2007-03-05,8.460
2007-03-06,8.870
2007-03-07,9.970
2007-03-08,11.100
2007-03-09,10.800
2007-03-10,9.540
2007-03-11,8.000
2007-03-12,5.090
2007-03-13,3.740
2007-03-14,2.620
2007-03-15,2.050
2007-03-16,2.360
2007-03-17,1.930
2007-03-18,1.930
2007-03-19,1.810
2007-03-20,1.600
2007-03-21,1.460
2007-03-22,1.470
2007-03-23,1.410
2007-03-24,1.300
2007-03-25,1.210
2007-03-26,1.140
2007-03-27,1.060
2007-03-28,1.010
2007-03-29,1.140
2007-03-30,1.100
2007-03-31,0.982
2007-04-01,0.910
2007-04-02,0.858
2007-04-03,0.814
2007-04-04,0.777
2007-04-05,0.753
2007-04-06,0.713
2007-04-07,0.688
2007-04-08,0.656
2007-04-09,0.627
2007-04-10,0.621
2007-04-11,0.315
2007-04-12,0.582
2007-04-13,0.587
2007-04-14,0.547
2007-04-15,0.524
2007-04-16,0.506
2007-04-17,0.372
2007-04-18,0.448
2007-04-19,0.441
2007-04-20,0.431
2007-04-21,0.421
2007-04-22,0.425
2007-04-23,0.372
2007-04-24,0.360
2007-04-25,0.339
2007-04-26,0.332
2007-04-27,0.318
2007-04-28,0.350
2007-04-29,0.300
2007-04-30,0.308
2007-05-01,0.281
2007-05-02,0.274
2007-05-03,0.290
2007-05-04,0.303
2007-05-05,0.262
2007-05-06,0.230
2007-05-07,0.701
2007-05-08,0.527
2007-05-09,0.604
2007-05-10,1.010
2007-05-11,2.200
2007-05-12,1.690
2007-05-13,2.060
2007-05-14,2.260
2007-05-15,2.210
2007-05-16,2.060
2007-05-17,1.840
2007-05-18,1.410
2007-05-19,0.865
2007-05-20,0.562
2007-05-21,0.402
2007-05-22,0.558
2007-05-23,0.538
2007-05-24,0.476
2007-05-25,0.412
2007-05-26,0.412
2007-05-27,0.925
2007-05-28,5.540
2007-05-29,7.160
2007-05-30,7.440
2007-05-31,7.830
2007-06-01,8.120
2007-06-02,7.190
2007-06-03,4.470
2007-06-04,1.890
2007-06-05,1.360
2007-06-06,0.569
2007-06-07,0.830
2007-06-08,0.786
2007-06-09,0.775
2007-06-10,0.667
2007-06-11,0.582
2007-06-12,0.562
2007-06-13,0.536
2007-06-14,0.549
2007-06-15,1.060
2007-06-16,1.070
2007-06-17,0.935
2007-06-18,0.878
2007-06-19,0.760
2007-06-20,0.600
2007-06-21,0.512
2007-06-22,1.010
2007-06-23,1.760
2007-06-24,1.700
2007-06-25,2.410
2007-06-26,2.210
2007-06-27,1.640
2007-06-28,1.280
2007-06-29,1.100
2007-06-30,1.100
2007-07-01,2.290
2007-07-02,3.160
2007-07-03,3.120
2007-07-04,3.110
2007-07-05,2.930
2007-07-06,2.950
2007-07-07,2.110
2007-07-08,1.200
2007-07-09,0.671
2007-07-10,0.587
2007-07-11,0.566
2007-07-12,0.603
2007-07-13,0.507
2007-07-14,0.447
2007-07-15,0.446
2007-07-16,0.415
2007-07-17,0.400
2007-07-18,0.502
2007-07-19,0.471
2007-07-20,5.160
2007-07-21,6.630
2007-07-22,9.190
2007-07-23,8.080
2007-07-24,8.780
2007-07-25,10.300
2007-07-26,11.100
2007-07-27,11.600
2007-07-28,10.700
2007-07-29,10.300
2007-07-30,8.940
2007-07-31,7.310
2007-08-01,5.670
2007-08-02,4.340
2007-08-03,2.840
2007-08-04,1.810
2007-08-05,1.330
2007-08-06,0.756
2007-08-07,0.842
2007-08-08,0.878
2007-08-09,0.768
2007-08-10,0.757
2007-08-11,0.678
2007-08-12,0.612
2007-08-13,0.590
2007-08-14,0.684
2007-08-15,1.140
2007-08-16,1.550
2007-08-17,1.250
2007-08-18,1.300
2007-08-19,1.780
2007-08-20,1.840
2007-08-21,1.440
2007-08-22,1.130
2007-08-23,0.972
2007-08-24,0.805
2007-08-25,0.740
2007-08-26,0.672
2007-08-27,0.627
2007-08-28,0.606
2007-08-29,0.565
2007-08-30,0.531
2007-08-31,0.302
2007-09-01,0.408
2007-09-02,0.442
2007-09-03,0.432
2007-09-04,0.416
2007-09-05,0.429
2007-09-06,0.407
2007-09-07,0.379
2007-09-08,0.368
2007-09-09,0.367
2007-09-10,0.353
2007-09-11,0.339
2007-09-12,0.333
2007-09-13,0.327
2007-09-14,0.316
2007-09-15,0.302
2007-09-16,0.344
2007-09-17,0.387
2007-09-18,0.297
2007-09-19,0.278
2007-09-20,0.157
2007-09-21,0.113
2007-09-22,0.181
2007-09-23,0.210
2007-09-24,0.390
2007-09-25,0.376
2007-09-26,0.431
2007-09-27,0.348
2007-09-28,0.317
2007-09-29,0.423
2007-09-30,0.348
2007-10-01,0.354
2007-10-02,0.381
2007-10-03,0.355
2007-10-04,0.317
2007-10-05,0.295
2007-10-06,0.272
2007-10-07,0.251
2007-10-08,0.207
2007-10-09,0.518
2007-10-10,0.765
2007-10-11,0.559
2007-10-12,0.339
2007-10-13,0.279
2007-10-14,0.247
2007-10-15,0.217
2007-10-16,1.980
2007-10-17,9.410
2007-10-18,9.260
2007-10-19,8.950
2007-10-20,8.140
2007-10-21,4.340
2007-10-22,2.230
2007-10-23,1.000
2007-10-24,1.240
2007-10-25,1.110
2007-10-26,1.010
2007-10-27,0.925
2007-10-28,0.891
2007-10-29,0.820
2007-10-30,0.689
2007-10-31,0.613
2007-11-01,0.538
2007-11-02,0.518
2007-11-03,0.484
2007-11-04,0.459
2007-11-05,0.449
2007-11-06,0.425
2007-11-07,0.404
2007-11-08,0.440
2007-11-09,0.417
2007-11-10,0.399
2007-11-11,0.378
2007-11-12,0.350
2007-11-13,0.369
2007-11-14,0.351
2007-11-15,0.322
2007-11-16,0.305
2007-11-17,0.298
2007-11-18,1.060
2007-11-19,5.160
2007-11-20,11.000
2007-11-21,10.600
2007-11-22,10.800
2007-11-23,11.000
2007-11-24,10.700
2007-11-25,6.720
2007-11-26,3.830
2007-11-27,2.490
2007-11-28,2.260
2007-11-29,2.190
2007-11-30,2.220
2007-12-01,6.420
2007-12-02,8.160
2007-12-03,6.520
2007-12-04,5.160
2007-12-05,4.590
2007-12-06,6.950
2007-12-07,8.870
2007-12-08,10.500
2007-12-09,11.800
2007-12-10,11.000
2007-12-11,10.500
2007-12-12,9.330
2007-12-13,5.370
2007-12-14,2.990
2007-12-15,2.370
2007-12-16,1.640
2007-12-17,1.840
2007-12-18,1.490
2007-12-19,1.600
2007-12-20,1.410
2007-12-21,1.330
2007-12-22,1.240
2007-12-23,1.150
2007-12-24,1.180
2007-12-25,5.170
2007-12-26,7.320
2007-12-27,5.900
2007-12-28,3.870
2007-12-29,6.140
2007-12-30,4.750
2007-12-31,3.190
2008-01-01,2.650
2008-01-02,2.570
2008-01-03,2.310
2008-01-04,2.600
2008-01-05,5.110
2008-01-06,4.720
2008-01-07,3.220
2008-01-08,2.610
2008-01-09,2.930
2008-01-10,3.300
2008-01-11,8.980
2008-01-12,12.400
2008-01-13,11.400
2008-01-14,10.200
2008-01-15,13.400
2008-01-16,15.500
2008-01-17,12.700
2008-01-18,14.000
2008-01-19,14.500
2008-01-20,14.200
2008-01-21,12.700
2008-01-22,11.300
2008-01-23,9.920
2008-01-24,8.180
2008-01-25,4.890
2008-01-26,2.930
2008-01-27,2.370
2008-01-28,2.030
2008-01-29,1.810
2008-01-30,1.780
2008-01-31,2.090
2008-02-01,2.170
2008-02-02,1.720
2008-02-03,1.620
2008-02-04,2.830
2008-02-05,4.350
2008-02-06,6.260
2008-02-07,4.660
2008-02-08,2.940
2008-02-09,2.080
2008-02-10,1.700
2008-02-11,1.260
2008-02-12,1.410
2008-02-13,1.310
2008-02-14,1.280
2008-02-15,0.504
2008-02-16,0.413
2008-02-17,0.406
2008-02-18,0.411
2008-02-19,0.381
2008-02-20,0.367
2008-02-21,0.357
2008-02-22,0.357
2008-02-23,0.344
2008-02-24,0.343
2008-02-25,0.340
2008-02-26,0.416
2008-02-27,0.382
2008-02-28,0.324
2008-02-29,0.315
2008-03-01,0.291
2008-03-02,0.272
2008-03-03,0.264
2008-03-04,0.242
2008-03-05,0.298
2008-03-06,0.605
2008-03-07,0.656
2008-03-08,0.669
2008-03-09,0.660
2008-03-10,1.650
2008-03-11,2.210
2008-03-12,1.790
2008-03-13,1.240
2008-03-14,1.000
2008-03-15,3.100
2008-03-16,14.500
2008-03-17,12.700
2008-03-18,10.900
2008-03-19,13.000
2008-03-20,11.500
2008-03-21,7.020
2008-03-22,3.720
2008-03-23,2.280
2008-03-24,2.130
2008-03-25,1.900
2008-03-26,2.070
2008-03-27,2.500
2008-03-28,3.040
2008-03-29,3.780
2008-03-30,3.090
2008-03-31,2.540
2008-04-01,1.870
2008-04-02,1.610
2008-04-03,1.280
2008-04-04,1.190
2008-04-05,0.804
2008-04-06,1.710
2008-04-07,1.880
2008-04-08,1.490
2008-04-09,1.260
2008-04-10,1.110
2008-04-11,1.080
2008-04-12,1.020
2008-04-13,0.989
2008-04-14,0.953
2008-04-15,0.879
2008-04-16,0.909
2008-04-17,0.723
2008-04-18,0.738
2008-04-19,0.659
2008-04-20,0.627
2008-04-21,0.591
2008-04-22,0.537
2008-04-23,0.539
2008-04-24,0.655
2008-04-25,0.628
2008-04-26,0.560
2008-04-27,0.531
2008-04-28,0.541
2008-04-29,0.849
2008-04-30,3.610
2008-05-01,4.250
2008-05-02,1.790
2008-05-03,0.890
2008-05-04,0.545
2008-05-05,0.488
2008-05-06,0.565
2008-05-07,0.538
2008-05-08,0.452
2008-05-09,0.419
2008-05-10,0.392
2008-05-11,0.389
2008-05-12,0.322
2008-05-13,0.274
2008-05-14,0.120
2008-05-15,0.493
2008-05-16,0.648
2008-05-17,0.522
2008-05-18,0.437
2008-05-19,0.383
2008-05-20,0.346
2008-05-21,0.324
2008-05-22,0.300
2008-05-23,0.283
2008-05-24,0.249
2008-05-25,0.844
2008-05-26,1.190
2008-05-27,2.390
2008-05-28,5.680
2008-05-29,6.090
2008-05-30,4.940
2008-05-31,3.140
2008-06-01,1.730
2008-06-02,1.200
2008-06-03,9.530
2008-06-04,13.400
2008-06-05,12.300
2008-06-06,11.500
2008-06-07,11.600
2008-06-08,12.400
2008-06-09,8.670
2008-06-10,5.140
2008-06-11,2.710
2008-06-12,1.550
2008-06-13,0.720
2008-06-14,0.879
2008-06-15,0.776
2008-06-16,0.738
2008-06-17,0.682
2008-06-18,0.594
2008-06-19,0.605
2008-06-20,0.544
2008-06-21,0.562
2008-06-22,0.906
2008-06-23,0.718
2008-06-24,0.655
2008-06-25,0.603
2008-06-26,0.524
2008-06-27,0.496
2008-06-28,0.475
2008-06-29,0.438
2008-06-30,0.460
2008-07-01,0.419
2008-07-02,0.386
2008-07-03,0.392
2008-07-04,0.397
2008-07-05,0.364
2008-07-06,0.515
2008-07-07,2.160
2008-07-08,1.680
2008-07-09,2.500
2008-07-10,3.710
2008-07-11,2.770
2008-07-12,2.300
2008-07-13,1.570
2008-07-14,0.953
2008-07-15,0.472
2008-07-16,0.478
2008-07-17,0.499
2008-07-18,0.519
2008-07-19,0.439
2008-07-20,0.387
2008-07-21,0.374
2008-07-22,0.368
2008-07-23,0.326
2008-07-24,0.313
2008-07-25,0.270
2008-07-26,0.261
2008-07-27,0.252
2008-07-28,0.130
2008-07-29,0.066
2008-07-30,0.133
2008-07-31,0.158
2008-08-01,0.248
2008-08-02,0.255
2008-08-03,0.249
2008-08-04,0.245
2008-08-05,0.375
2008-08-06,0.542
2008-08-07,0.367
2008-08-08,0.357
2008-08-09,0.328
2008-08-10,0.448
2008-08-11,0.502
2008-08-12,1.480
2008-08-13,1.900
2008-08-14,1.540
2008-08-15,1.000
2008-08-16,0.684
2008-08-17,0.547
2008-08-18,0.738
2008-08-19,0.793
2008-08-20,0.711
2008-08-21,0.497
2008-08-22,0.474
2008-08-23,0.404
2008-08-24,0.471
2008-08-25,0.419
2008-08-26,0.373
2008-08-27,0.336
2008-08-28,0.344
2008-08-29,0.331
2008-08-30,0.326
2008-08-31,0.310
2008-09-01,0.335
2008-09-02,0.666
2008-09-03,0.708
2008-09-04,1.630
2008-09-05,2.720
2008-09-06,6.170
2008-09-07,7.800
2008-09-08,7.660
2008-09-09,7.630
2008-09-10,8.710
2008-09-11,8.990
2008-09-12,9.290
2008-09-13,10.100
2008-09-14,9.790
2008-09-15,9.580
2008-09-16,8.830
2008-09-17,6.990
2008-09-18,4.840
2008-09-19,3.280
2008-09-20,2.300
2008-09-21,1.710
2008-09-22,1.050
2008-09-23,0.437
2008-09-24,2.030
2008-09-25,1.140
2008-09-26,1.010
2008-09-27,0.909
2008-09-28,0.843
2008-09-29,0.841
2008-09-30,0.771
2008-10-01,0.766
2008-10-02,0.788
2008-10-03,0.920
2008-10-04,1.010
2008-10-05,1.380
2008-10-06,1.530
2008-10-07,1.010
2008-10-08,0.983
2008-10-09,0.807
2008-10-10,0.727
2008-10-11,0.689
2008-10-12,0.645
2008-10-13,0.614
2008-10-14,0.597
2008-10-15,0.638
2008-10-16,0.682
2008-10-17,0.794
2008-10-18,0.885
2008-10-19,0.921
2008-10-20,0.855
2008-10-21,1.240
2008-10-22,1.390
2008-10-23,1.310
2008-10-24,0.925
2008-10-25,1.080
2008-10-26,1.200
2008-10-27,1.380
2008-10-28,1.480
2008-10-29,1.410
2008-10-30,1.400
2008-10-31,1.310
2008-11-01,2.450
2008-11-02,6.240
2008-11-03,5.600
2008-11-04,4.990
2008-11-05,3.950
2008-11-06,3.050
2008-11-07,1.850
2008-11-08,1.260
2008-11-09,3.870
2008-11-10,9.900
2008-11-11,11.200
2008-11-12,0.465
2008-11-13,15.500
2008-11-14,19.500
2008-11-15,14.900
2008-11-16,9.610
2008-11-17,7.130
2008-11-18,8.100
2008-11-19,7.210
2008-11-20,6.470
2008-11-21,5.770
2008-11-22,5.810
2008-11-23,6.910
2008-11-24,8.950
2008-11-25,7.370
2008-11-26,6.340
2008-11-27,6.050
2008-11-28,2.670
2008-11-29,1.600
2008-11-30,2.010
2008-12-01,3.990
2008-12-02,3.640
2008-12-03,2.250
2008-12-04,5.150
2008-12-05,6.540
2008-12-06,4.800
2008-12-07,2.830
2008-12-08,2.070
2008-12-09,2.700
2008-12-10,2.750
2008-12-11,2.230
2008-12-12,1.950
2008-12-13,7.520
2008-12-14,7.850
2008-12-15,5.210
2008-12-16,8.410
2008-12-17,8.020
2008-12-18,6.630
2008-12-19,5.400
2008-12-20,2.590
2008-12-21,2.240
2008-12-22,1.940
2008-12-23,1.430
2008-12-24,1.290
2008-12-25,1.330
2008-12-26,1.200
2008-12-27,1.100
2008-12-28,1.030
2008-12-29,0.988
2008-12-30,0.921
2008-12-31,0.921
2009-01-01,0.878
2009-01-02,0.823
2009-01-03,0.789
2009-01-04,0.792
2009-01-05,0.761
2009-01-06,0.709
2009-01-07,0.794
2009-01-08,0.879
2009-01-09,0.881
2009-01-10,0.862
2009-01-11,0.889
2009-01-12,2.450
2009-01-13,4.310
2009-01-14,3.020
2009-01-15,2.230
2009-01-16,2.040
2009-01-17,2.620
2009-01-18,4.510
2009-01-19,6.680
2009-01-20,6.390
2009-01-21,4.440
2009-01-22,7.920
2009-01-23,10.100
2009-01-24,9.530
2009-01-25,8.800
2009-01-26,7.760
2009-01-27,5.550
2009-01-28,5.970
2009-01-29,7.040
2009-01-30,5.500
2009-01-31,3.790
2009-02-01,2.900
2009-02-02,2.440
2009-02-03,2.180
2009-02-04,2.080
2009-02-05,2.220
2009-02-06,3.680
2009-02-07,5.020
2009-02-08,4.470
2009-02-09,9.250
2009-02-10,16.400
2009-02-11,16.200
2009-02-12,16.100
2009-02-13,17.400
2009-02-14,17.800
2009-02-15,15.300
2009-02-16,13.100
2009-02-17,10.300
2009-02-18,8.290
2009-02-19,7.420
2009-02-20,5.040
2009-02-21,3.600
2009-02-22,2.940
2009-02-23,2.480
2009-02-24,1.810
2009-02-25,2.120
2009-02-26,1.940
2009-02-27,1.820
2009-02-28,1.700
2009-03-01,1.580
2009-03-02,1.480
2009-03-03,1.870
2009-03-04,4.200
2009-03-05,3.280
2009-03-06,2.130
2009-03-07,1.720
2009-03-08,1.710
2009-03-09,1.640
2009-03-10,1.610
2009-03-11,1.520
2009-03-12,1.400
2009-03-13,1.330
2009-03-14,1.230
2009-03-15,1.130
2009-03-16,1.080
2009-03-17,0.987
2009-03-18,0.965
2009-03-19,0.952
2009-03-20,0.926
2009-03-21,0.879
2009-03-22,0.843
2009-03-23,0.818
2009-03-24,0.815
2009-03-25,0.802
2009-03-26,0.793
2009-03-27,0.779
2009-03-28,0.743
2009-03-29,0.709
2009-03-30,0.676
2009-03-31,0.651
2009-04-01,0.619
2009-04-02,0.613
2009-04-03,0.608
2009-04-04,0.610
2009-04-05,0.601
2009-04-06,0.595
2009-04-07,0.584
2009-04-08,0.582
2009-04-09,0.591
2009-04-10,0.608
2009-04-11,0.623
2009-04-12,0.591
2009-04-13,0.584
2009-04-14,0.565
2009-04-15,0.552
2009-04-16,0.619
2009-04-17,1.530
2009-04-18,1.270
2009-04-19,0.791
2009-04-20,0.634
2009-04-21,0.555
2009-04-22,0.484
2009-04-23,0.476
2009-04-24,0.464
2009-04-25,0.478
2009-04-26,0.468
2009-04-27,0.545
2009-04-28,0.752
2009-04-29,0.767
2009-04-30,0.622
2009-05-01,0.540
2009-05-02,0.490
2009-05-03,0.453
2009-05-04,0.438
2009-05-05,0.426
2009-05-06,0.419
2009-05-07,0.237
2009-05-08,0.201
2009-05-09,0.282
2009-05-10,0.315
2009-05-11,0.263
2009-05-12,0.352
2009-05-13,0.358
2009-05-14,0.679
2009-05-15,1.970
2009-05-16,1.290
2009-05-17,0.357
2009-05-18,0.747
2009-05-19,0.876
2009-05-20,0.513
2009-05-21,0.488
2009-05-22,0.454
2009-05-23,0.393
2009-05-24,0.361
2009-05-25,0.384
2009-05-26,0.499
2009-05-27,0.448
2009-05-28,0.418
2009-05-29,0.368
2009-05-30,0.338
2009-05-31,0.319
2009-06-01,0.302
2009-06-02,0.297
2009-06-03,0.298
2009-06-04,0.300
2009-06-05,0.273
2009-06-06,0.514
2009-06-07,2.550
2009-06-08,1.910
2009-06-09,0.987
2009-06-10,1.840
2009-06-11,2.450
2009-06-12,1.050
2009-06-13,0.728
2009-06-14,0.526
2009-06-15,0.471
2009-06-16,0.619
2009-06-17,0.754
2009-06-18,0.527
2009-06-19,0.466
2009-06-20,0.404
2009-06-21,0.383
2009-06-22,0.369
2009-06-23,0.343
2009-06-24,0.296
2009-06-25,0.134
2009-06-26,0.044
2009-06-27,0.178
2009-06-28,0.297
2009-06-29,0.444
2009-06-30,0.312
2009-07-01,0.242
2009-07-02,0.205
2009-07-03,0.192
2009-07-04,0.178
2009-07-05,0.176
2009-07-06,0.327
2009-07-07,0.504
2009-07-08,0.487
2009-07-09,0.303
2009-07-10,0.271
2009-07-11,0.275
2009-07-12,0.453
2009-07-13,0.321
2009-07-14,0.296
2009-07-15,0.281
2009-07-16,0.289
2009-07-17,0.392
2009-07-18,0.482
2009-07-19,0.476
2009-07-20,0.441
2009-07-21,0.557
2009-07-22,0.455
2009-07-23,0.401
2009-07-24,0.377
2009-07-25,0.322
2009-07-26,0.299
2009-07-27,0.388
2009-07-28,0.384
2009-07-29,0.392
2009-07-30,0.534
2009-07-31,0.426
2009-08-01,0.414
2009-08-02,0.407
2009-08-03,0.358
2009-08-04,0.323
2009-08-05,0.313
2009-08-06,0.876
2009-08-07,2.350
2009-08-08,1.630
2009-08-09,0.904
2009-08-10,0.571
2009-08-11,0.436
2009-08-12,0.377
2009-08-13,0.374
2009-08-14,0.381
2009-08-15,0.337
2009-08-16,0.298
2009-08-17,0.285
2009-08-18,0.272
2009-08-19,0.251
2009-08-20,0.227
2009-08-21,0.215
2009-08-22,0.243
2009-08-23,0.257
2009-08-24,0.240
2009-08-25,0.203
2009-08-26,0.183
2009-08-27,0.189
2009-08-28,0.243
2009-08-29,0.261
2009-08-30,0.227
2009-08-31,0.209
2009-09-01,0.226
2009-09-02,0.245
2009-09-03,0.320
2009-09-04,0.269
2009-09-05,0.261
2009-09-06,0.241
2009-09-07,0.222
2009-09-08,0.207
2009-09-09,0.177
2009-09-10,0.165
2009-09-11,0.172
2009-09-12,0.164
2009-09-13,0.157
2009-09-14,0.143
2009-09-15,0.139
2009-09-16,0.134
2009-09-17,0.133
2009-09-18,0.107
2009-09-19,0.137
2009-09-20,0.121
2009-09-21,0.121
2009-09-22,0.133
2009-09-23,0.130
2009-09-24,0.130
2009-09-25,0.123
2009-09-26,0.198
2009-09-27,0.197
2009-09-28,0.173
2009-09-29,0.147
2009-09-30,0.186
2009-10-01,0.177
2009-10-02,0.167
2009-10-03,0.159
2009-10-04,0.146
2009-10-05,0.120
2009-10-06,0.056
2009-10-07,0.300
2009-10-08,0.345
2009-10-09,0.217
2009-10-10,0.172
2009-10-11,0.167
2009-10-12,0.176
2009-10-13,0.159
2009-10-14,0.148
2009-10-15,0.154
2009-10-16,0.148
2009-10-17,0.151
2009-10-18,0.160
2009-10-19,0.164
2009-10-20,0.166
2009-10-21,0.159
2009-10-22,0.161
2009-10-23,0.128
2009-10-24,0.168
2009-10-25,0.187
2009-10-26,0.155
2009-10-27,0.171
2009-10-28,0.189
2009-10-29,0.209
2009-10-30,0.166
2009-10-31,0.212
2009-11-01,0.512
2009-11-02,0.415
2009-11-03,0.750
2009-11-04,0.645
2009-11-05,0.483
2009-11-06,0.456
2009-11-07,0.463
2009-11-08,0.359
2009-11-09,0.318
2009-11-10,0.334
2009-11-11,0.371
2009-11-12,0.756
2009-11-13,1.870
2009-11-14,2.930
2009-11-15,2.210
2009-11-16,1.230
2009-11-17,1.070
2009-11-18,0.937
2009-11-19,0.805
2009-11-20,0.830
2009-11-21,0.864
2009-11-22,1.410
2009-11-23,3.790
2009-11-24,3.940
2009-11-25,4.930
2009-11-26,4.560
2009-11-27,3.350
2009-11-28,2.730
2009-11-29,4.390
2009-11-30,5.060
2009-12-01,4.540
2009-12-02,4.160
2009-12-03,4.410
2009-12-04,4.130
2009-12-05,4.370
2009-12-06,7.640
2009-12-07,8.460
2009-12-08,8.300
2009-12-09,7.990
2009-12-10,7.440
2009-12-11,6.060
2009-12-12,4.380
2009-12-13,3.280
2009-12-14,2.860
2009-12-15,3.360
2009-12-16,3.690
2009-12-17,4.240
2009-12-18,4.010
2009-12-19,3.070
2009-12-20,2.480
2009-12-21,2.210
2009-12-22,2.150
2009-12-23,2.400
2009-12-24,3.480
2009-12-25,4.420
2009-12-26,5.140
2009-12-27,5.330
2009-12-28,4.510
2009-12-29,5.550
2009-12-30,10.600
2009-12-31,11.100
2010-01-01,10.600
2010-01-02,10.300
2010-01-03,9.160
2010-01-04,6.100
2010-01-05,3.780
2010-01-06,2.930
2010-01-07,2.430
2010-01-08,2.080
2010-01-09,1.860
2010-01-10,1.830
2010-01-11,1.890
2010-01-12,1.980
2010-01-13,2.120
2010-01-14,2.330
2010-01-15,5.850
2010-01-16,12.700
2010-01-17,13.200
2010-01-18,18.000
2010-01-19,16.800
2010-01-20,15.200
2010-01-21,12.700
2010-01-22,11.600
2010-01-23,13.400
2010-01-24,16.800
2010-01-25,16.700
2010-01-26,14.600
2010-01-27,12.000
2010-01-28,10.300
2010-01-29,9.950
2010-01-30,9.130
2010-01-31,7.200
2010-02-01,4.990
2010-02-02,4.050
2010-02-03,4.000
2010-02-04,4.090
2010-02-05,4.630
2010-02-06,4.400
2010-02-07,3.570
2010-02-08,3.070
2010-02-09,2.820
2010-02-10,2.530
2010-02-11,2.090
2010-02-12,1.880
2010-02-13,1.810
2010-02-14,1.840
2010-02-15,1.850
2010-02-16,2.070
2010-02-17,3.640
2010-02-18,7.140
2010-02-19,11.300
2010-02-20,10.600
2010-02-21,9.480
2010-02-22,9.000
2010-02-23,8.850
2010-02-24,8.360
2010-02-25,7.730
2010-02-26,10.200
2010-02-27,12.200
2010-02-28,14.300
2010-03-01,14.000
2010-03-02,14.300
2010-03-03,14.500
2010-03-04,12.200
2010-03-05,8.780
2010-03-06,6.160
2010-03-07,3.750
2010-03-08,2.760
2010-03-09,2.360
2010-03-10,2.010
2010-03-11,1.810
2010-03-12,1.670
2010-03-13,1.570
2010-03-14,1.410
2010-03-15,1.480
2010-03-16,1.550
2010-03-17,1.620
2010-03-18,1.580
2010-03-19,1.760
2010-03-20,2.190
2010-03-21,2.320
2010-03-22,2.010
2010-03-23,1.590
2010-03-24,1.980
2010-03-25,5.200
2010-03-26,7.220
2010-03-27,6.210
2010-03-28,4.410
2010-03-29,3.570
2010-03-30,4.850
2010-03-31,5.900
2010-04-01,5.440
2010-04-02,7.020
2010-04-03,8.580
2010-04-04,8.980
2010-04-05,6.250
2010-04-06,4.590
2010-04-07,3.440
2010-04-08,2.720
2010-04-09,2.160
2010-04-10,1.870
2010-04-11,1.670
2010-04-12,1.380
2010-04-13,1.170
2010-04-14,1.520
2010-04-15,1.380
2010-04-16,1.170
2010-04-17,1.220
2010-04-18,1.180
2010-04-19,1.120
2010-04-20,0.897
2010-04-21,0.846
2010-04-22,0.801
2010-04-23,0.769
2010-04-24,0.759
2010-04-25,0.738
2010-04-26,0.803
2010-04-27,0.565
2010-04-28,0.637
2010-04-29,0.658
2010-04-30,0.686
2010-05-01,0.970
2010-05-02,2.760
2010-05-03,2.150
2010-05-04,1.510
2010-05-05,0.708
2010-05-06,0.806
2010-05-07,0.701
2010-05-08,0.688
2010-05-09,0.647
2010-05-10,0.604
2010-05-11,0.568
2010-05-12,0.531
2010-05-13,0.499
2010-05-14,0.485
2010-05-15,0.466
2010-05-16,0.494
2010-05-17,0.430
2010-05-18,0.296
2010-05-19,0.405
2010-05-20,0.383
2010-05-21,0.369
2010-05-22,0.354
2010-05-23,0.337
2010-05-24,0.333
2010-05-25,0.335
2010-05-26,0.325
2010-05-27,0.344
2010-05-28,0.289
2010-05-29,0.399
2010-05-30,0.362
2010-05-31,0.309
2010-06-01,0.328
2010-06-02,0.312
2010-06-03,0.293
2010-06-04,0.268
2010-06-05,0.262
2010-06-06,0.299
2010-06-07,0.328
2010-06-08,1.120
2010-06-09,0.817
2010-06-10,0.541
2010-06-11,0.404
2010-06-12,0.334
2010-06-13,0.393
2010-06-14,0.541
2010-06-15,0.378
2010-06-16,0.328
2010-06-17,0.295
2010-06-18,0.276
2010-06-19,0.249
2010-06-20,0.215
2010-06-21,0.178
2010-06-22,0.168
2010-06-23,0.158
2010-06-24,0.177
2010-06-25,0.194
2010-06-26,0.195
2010-06-27,0.176
2010-06-28,0.172
2010-06-29,0.165
2010-06-30,0.160
2010-07-01,0.154
2010-07-02,0.137
2010-07-03,0.129
2010-07-04,0.150
2010-07-05,0.143
2010-07-06,0.126
2010-07-07,0.103
2010-07-08,0.108
2010-07-09,0.093
2010-07-10,0.096
2010-07-11,0.099
2010-07-12,0.110
2010-07-13,0.112
2010-07-14,0.131
2010-07-15,0.174
2010-07-16,0.144
2010-07-17,0.101
2010-07-18,0.077
2010-07-19,0.161
2010-07-20,0.151
2010-07-21,0.131
2010-07-22,0.119
2010-07-23,0.111
2010-07-24,0.107
2010-07-25,0.109
2010-07-26,0.102
2010-07-27,0.096
2010-07-28,0.091
2010-07-29,0.091
2010-07-30,0.086
2010-07-31,0.084
2010-08-01,0.086
2010-08-02,0.084
2010-08-03,0.083
2010-08-04,0.093
2010-08-05,0.101
2010-08-06,0.080
2010-08-07,0.072
2010-08-08,0.091
2010-08-09,0.086
2010-08-10,0.117
2010-08-11,0.209
2010-08-12,0.123
2010-08-13,0.106
2010-08-14,0.128
2010-08-15,0.126
2010-08-16,0.103
2010-08-17,0.137
2010-08-18,0.227
2010-08-19,0.161
2010-08-20,0.146
2010-08-21,0.135
2010-08-22,0.196
2010-08-23,0.739
2010-08-24,0.807
2010-08-25,1.010
2010-08-26,2.520
2010-08-27,2.520
2010-08-28,2.070
2010-08-29,1.250
2010-08-30,0.803
2010-08-31,0.119
2010-09-01,0.208
2010-09-02,0.288
2010-09-03,0.261
2010-09-04,0.235
2010-09-05,0.220
2010-09-06,0.240
2010-09-07,0.455
2010-09-08,0.391
2010-09-09,0.308
2010-09-10,0.281
2010-09-11,0.256
2010-09-12,0.223
2010-09-13,0.216
2010-09-14,0.210
2010-09-15,0.208
2010-09-16,0.202
2010-09-17,0.191
2010-09-18,0.182
2010-09-19,0.189
2010-09-20,0.187
2010-09-21,0.179
2010-09-22,0.180
2010-09-23,0.193
2010-09-24,0.225
2010-09-25,0.167
2010-09-26,0.148
2010-09-27,0.166
2010-09-28,0.174
2010-09-29,0.230
2010-09-30,0.381
2010-10-01,0.430
2010-10-02,1.260
2010-10-03,0.748
2010-10-04,0.238
2010-10-05,0.320
2010-10-06,0.575
2010-10-07,0.463
2010-10-08,0.383
2010-10-09,0.338
2010-10-10,0.312
2010-10-11,0.279
2010-10-12,0.257
2010-10-13,0.253
2010-10-14,0.233
2010-10-15,0.229
2010-10-16,0.258
2010-10-17,0.254
2010-10-18,0.254
2010-10-19,0.337
2010-10-20,0.379
2010-10-21,0.303
2010-10-22,0.308
2010-10-23,0.512
2010-10-24,0.420
2010-10-25,0.380
2010-10-26,0.485
2010-10-27,0.568
2010-10-28,0.487
2010-10-29,0.466
2010-10-30,0.406
2010-10-31,0.368
2010-11-01,0.344
2010-11-02,0.306
2010-11-03,0.283
2010-11-04,0.270
2010-11-05,0.327
2010-11-06,0.703
2010-11-07,0.711
2010-11-08,1.370
2010-11-09,0.789
2010-11-10,0.689
2010-11-11,0.885
2010-11-12,0.699
2010-11-13,0.983
2010-11-14,0.869
2010-11-15,0.756
2010-11-16,0.684
2010-11-17,0.666
2010-11-18,0.708
2010-11-19,0.659
2010-11-20,0.634
2010-11-21,0.581
2010-11-22,0.562
2010-11-23,0.550
2010-11-24,0.527
2010-11-25,0.520
2010-11-26,0.502
2010-11-27,0.484
2010-11-28,0.453
2010-11-29,0.448
2010-11-30,0.453
2010-12-01,0.437
2010-12-02,0.412
2010-12-03,0.418
2010-12-04,0.508
2010-12-05,0.528
2010-12-06,0.551
2010-12-07,0.549
2010-12-08,0.496
2010-12-09,0.465
2010-12-10,0.445
2010-12-11,0.448
2010-12-12,0.432
2010-12-13,0.427
2010-12-14,0.423
2010-12-15,0.428
2010-12-16,0.475
2010-12-17,0.495
2010-12-18,0.523
2010-12-19,0.506
2010-12-20,0.478
2010-12-21,0.481
2010-12-22,0.492
2010-12-23,0.490
2010-12-24,0.471
2010-12-25,0.432
2010-12-26,0.420
2010-12-27,0.530
2010-12-28,2.330
2010-12-29,4.220
2010-12-30,6.100
2010-12-31,6.100
2011-01-01,5.600
2011-01-02,4.670
2011-01-03,3.420
2011-01-04,2.530
2011-01-05,2.170
2011-01-06,2.150
2011-01-07,3.830
2011-01-08,7.040
2011-01-09,7.220
2011-01-10,6.860
2011-01-11,6.080
2011-01-12,7.690
2011-01-13,9.060
2011-01-14,8.980
2011-01-15,8.660
2011-01-16,8.790
2011-01-17,9.410
2011-01-18,11.100
2011-01-19,10.800
2011-01-20,10.100
2011-01-21,9.120
2011-01-22,7.010
2011-01-23,5.590
2011-01-24,4.270
2011-01-25,3.380
2011-01-26,2.880
2011-01-27,2.560
2011-01-28,2.480
2011-01-29,2.160
2011-01-30,1.850
2011-01-31,1.630
2011-02-01,1.480
2011-02-02,1.370
2011-02-03,1.300
2011-02-04,1.260
2011-02-05,1.190
2011-02-06,1.140
2011-02-07,1.060
2011-02-08,0.984
2011-02-09,0.991
2011-02-10,1.150
2011-02-11,1.310
2011-02-12,1.410
2011-02-13,1.730
2011-02-14,3.020
2011-02-15,3.120
2011-02-16,3.210
2011-02-17,2.700
2011-02-18,2.150
2011-02-19,3.580
2011-02-20,4.620
2011-02-21,5.020
2011-02-22,5.350
2011-02-23,5.440
2011-02-24,5.340
2011-02-25,4.650
2011-02-26,6.230
2011-02-27,7.590
2011-02-28,8.210
2011-03-01,7.580
2011-03-02,6.550
2011-03-03,4.870
2011-03-04,3.420
2011-03-05,2.680
2011-03-06,2.250
2011-03-07,1.980
2011-03-08,1.200
2011-03-09,1.690
2011-03-10,1.600
2011-03-11,1.480
2011-03-12,1.400
2011-03-13,1.290
2011-03-14,1.180
2011-03-15,1.130
2011-03-16,1.100
2011-03-17,1.030
2011-03-18,0.987
2011-03-19,0.956
2011-03-20,0.908
2011-03-21,0.872
2011-03-22,0.832
2011-03-23,0.813
2011-03-24,0.797
2011-03-25,0.733
2011-03-26,0.792
2011-03-27,0.770
2011-03-28,0.760
2011-03-29,0.747
2011-03-30,0.760
2011-03-31,0.854
2011-04-01,0.747
2011-04-02,0.701
2011-04-03,0.775
2011-04-04,0.755
2011-04-05,0.718
2011-04-06,0.667
2011-04-07,0.641
2011-04-08,0.608
2011-04-09,0.567
2011-04-10,0.538
2011-04-11,0.531
2011-04-12,0.472
2011-04-13,0.493
2011-04-14,0.488
2011-04-15,0.474
2011-04-16,0.449
2011-04-17,0.432
2011-04-18,0.426
2011-04-19,0.404
2011-04-20,0.380
2011-04-21,0.341
2011-04-22,0.374
2011-04-23,0.329
2011-04-24,0.337
2011-04-25,0.301
2011-04-26,0.310
2011-04-27,0.300
2011-04-28,0.280
2011-04-29,0.416
2011-04-30,0.509
2011-05-01,0.369
2011-05-02,0.344
2011-05-03,0.294
2011-05-04,0.271
2011-05-05,0.227
2011-05-06,0.236
2011-05-07,0.512
2011-05-08,0.849
2011-05-09,0.504
2011-05-10,0.401
2011-05-11,0.322
2011-05-12,0.247
2011-05-13,0.217
2011-05-14,0.222
2011-05-15,0.219
2011-05-16,0.224
2011-05-17,0.187
2011-05-18,0.233
2011-05-19,0.211
2011-05-20,0.200
2011-05-21,0.190
2011-05-22,0.182
2011-05-23,0.183
2011-05-24,0.157
2011-05-25,0.159
2011-05-26,0.242
2011-05-27,0.359
2011-05-28,0.222
2011-05-29,0.166
2011-05-30,0.304
2011-05-31,0.387
2011-06-01,0.256
2011-06-02,0.216
2011-06-03,0.185
2011-06-04,0.162
2011-06-05,0.153
2011-06-06,0.182
2011-06-07,0.172
2011-06-08,0.158
2011-06-09,0.153
2011-06-10,0.157
2011-06-11,0.258
2011-06-12,0.317
2011-06-13,0.433
2011-06-14,0.270
2011-06-15,0.194
2011-06-16,0.173
2011-06-17,0.181
2011-06-18,0.306
2011-06-19,0.237
2011-06-20,0.183
2011-06-21,0.221
2011-06-22,0.176
2011-06-23,0.134
2011-06-24,0.148
2011-06-25,0.287
2011-06-26,0.241
2011-06-27,0.166
2011-06-28,0.116
2011-06-29,0.109
2011-06-30,0.118
2011-07-01,0.111
2011-07-02,0.100
2011-07-03,0.096
2011-07-04,0.097
2011-07-05,0.108
2011-07-06,0.131
2011-07-07,0.166
2011-07-08,0.186
2011-07-09,0.285
2011-07-10,0.254
2011-07-11,0.176
2011-07-12,0.137
2011-07-13,0.118
2011-07-14,0.104
2011-07-15,0.107
2011-07-16,0.249
2011-07-17,0.441
2011-07-18,0.310
2011-07-19,0.271
2011-07-20,0.206
2011-07-21,0.176
2011-07-22,0.167
2011-07-23,0.250
2011-07-24,0.224
2011-07-25,0.156
2011-07-26,0.143
2011-07-27,0.131
2011-07-28,0.126
2011-07-29,0.126
2011-07-30,0.132
2011-07-31,0.116
2011-08-01,0.110
2011-08-02,0.114
2011-08-03,0.106
2011-08-04,0.133
2011-08-05,0.214
2011-08-06,0.173
2011-08-07,0.143
2011-08-08,0.141
2011-08-09,0.128
2011-08-10,0.119
2011-08-11,0.116
2011-08-12,0.119
2011-08-13,0.128
2011-08-14,0.151
2011-08-15,0.129
2011-08-16,0.123
2011-08-17,0.121
2011-08-18,0.179
2011-08-19,0.343
2011-08-20,0.213
2011-08-21,0.157
2011-08-22,0.141
2011-08-23,0.158
2011-08-24,0.159
2011-08-25,0.148
2011-08-26,0.229
2011-08-27,0.464
2011-08-28,0.305
2011-08-29,0.213
2011-08-30,0.184
2011-08-31,0.169
2011-09-01,0.158
2011-09-02,0.153
2011-09-03,0.154
2011-09-04,0.137
2011-09-05,0.141
2011-09-06,0.153
2011-09-07,0.176
2011-09-08,0.160
2011-09-09,0.152
2011-09-10,0.140
2011-09-11,0.128
2011-09-12,0.122
2011-09-13,0.121
2011-09-14,0.111
2011-09-15,0.128
2011-09-16,0.122
2011-09-17,0.102
2011-09-18,0.134
2011-09-19,0.128
2011-09-20,0.133
2011-09-21,0.281
2011-09-22,0.231
2011-09-23,0.174
2011-09-24,0.171
2011-09-25,0.163
2011-09-26,0.153
2011-09-27,0.163
2011-09-28,0.176
2011-09-29,0.179
2011-09-30,0.176
2011-10-01,0.138
2011-10-02,0.113
2011-10-03,0.127
2011-10-04,0.147
2011-10-05,0.136
2011-10-06,0.117
2011-10-07,0.112
2011-10-08,0.146
2011-10-09,0.133
2011-10-10,0.126
2011-10-11,0.133
2011-10-12,0.128
2011-10-13,0.108
2011-10-14,0.101
2011-10-15,0.105
2011-10-16,0.101
2011-10-17,0.106
2011-10-18,0.129
2011-10-19,0.136
2011-10-20,0.121
2011-10-21,0.118
2011-10-22,0.115
2011-10-23,0.109
2011-10-24,0.106
2011-10-25,0.124
2011-10-26,0.137
2011-10-27,0.269
2011-10-28,0.244
2011-10-29,0.165
2011-10-30,0.144
2011-10-31,0.160
2011-11-01,0.134
2011-11-02,0.130
2011-11-03,0.167
2011-11-04,0.485
2011-11-05,0.372
2011-11-06,0.204
2011-11-07,0.195
2011-11-08,0.186
2011-11-09,0.149
2011-11-10,0.142
2011-11-11,0.146
2011-11-12,0.248
2011-11-13,0.199
2011-11-14,0.150
2011-11-15,0.137
2011-11-16,0.124
2011-11-17,0.124
2011-11-18,0.114
2011-11-19,0.135
2011-11-20,0.117
2011-11-21,0.109
2011-11-22,0.136
2011-11-23,0.132
2011-11-24,0.121
2011-11-25,0.124
2011-11-26,0.136
2011-11-27,0.144
2011-11-28,0.150
2011-11-29,0.251
2011-11-30,0.181
2011-12-01,0.577
2011-12-02,0.179
2011-12-03,0.152
2011-12-04,0.151
2011-12-05,0.096
2011-12-06,0.067
2011-12-07,0.128
2011-12-08,0.203
2011-12-09,0.340
2011-12-10,0.213
2011-12-11,0.234
2011-12-12,0.468
2011-12-13,0.962
2011-12-14,1.120
2011-12-15,0.987
2011-12-16,1.000
2011-12-17,0.673
2011-12-18,0.641
2011-12-19,0.583
2011-12-20,0.574
2011-12-21,0.353
2011-12-22,0.399
2011-12-23,0.624
2011-12-24,0.785
2011-12-25,0.715
2011-12-26,0.592
2011-12-27,0.454
2011-12-28,0.397
2011-12-29,0.409
2011-12-30,0.529
2011-12-31,0.560
2012-01-01,0.500
2012-01-02,0.489
2012-01-03,0.857
2012-01-04,0.913
2012-01-05,1.300
2012-01-06,1.120
2012-01-07,0.952
2012-01-08,0.794
2012-01-09,0.682
2012-01-10,0.594
2012-01-11,0.540
2012-01-12,0.500
2012-01-13,0.457
2012-01-14,0.437
2012-01-15,0.414
2012-01-16,0.411
2012-01-17,0.437
2012-01-18,0.379
2012-01-19,0.464
2012-01-20,0.423
2012-01-21,0.417
2012-01-22,0.419
2012-01-23,0.384
2012-01-24,0.711
2012-01-25,0.737
2012-01-26,0.962
2012-01-27,1.110
2012-01-28,1.030
2012-01-29,0.894
2012-01-30,0.791
2012-01-31,0.698
2012-02-01,0.615
2012-02-02,0.548
2012-02-03,0.504
2012-02-04,0.499
2012-02-05,0.654
2012-02-06,0.728
2012-02-07,0.805
2012-02-08,1.050
2012-02-09,0.868
2012-02-10,0.829
2012-02-11,0.724
2012-02-12,0.681
2012-02-13,0.763
2012-02-14,1.100
2012-02-15,1.340
2012-02-16,1.210
2012-02-17,1.070
2012-02-18,1.030
2012-02-19,0.925
2012-02-20,0.859
2012-02-21,0.805
2012-02-22,0.813
2012-02-23,0.788
2012-02-24,0.747
2012-02-25,0.685
2012-02-26,0.646
2012-02-27,0.646
2012-02-28,0.646
2012-02-29,0.621
2012-03-01,0.585
2012-03-02,0.570
2012-03-03,0.579
2012-03-04,1.460
2012-03-05,2.260
2012-03-06,2.020
2012-03-07,1.430
2012-03-08,1.130
2012-03-09,0.960
2012-03-10,0.869
2012-03-11,0.790
2012-03-12,0.741
2012-03-13,0.703
2012-03-14,0.682
2012-03-15,0.637
2012-03-16,0.659
2012-03-17,0.705
2012-03-18,0.692
2012-03-19,0.611
2012-03-20,0.594
2012-03-21,0.519
2012-03-22,0.518
2012-03-23,0.516
2012-03-24,0.481
2012-03-25,0.438
2012-03-26,0.429
2012-03-27,0.411
2012-03-28,0.403
2012-03-29,0.398
2012-03-30,0.387
2012-03-31,0.395
2012-04-01,0.382
2012-04-02,0.369
2012-04-03,0.369
2012-04-04,0.382
2012-04-05,0.370
2012-04-06,0.355
2012-04-07,0.365
2012-04-08,0.352
2012-04-09,0.519
2012-04-10,0.645
2012-04-11,0.543
2012-04-12,0.536
2012-04-13,0.476
2012-04-14,0.412
2012-04-15,0.371
2012-04-16,0.359
2012-04-17,0.420
2012-04-18,1.340
2012-04-19,2.370
2012-04-20,3.020
2012-04-21,2.210
2012-04-22,1.450
2012-04-23,1.340
2012-04-24,1.340
2012-04-25,2.700
2012-04-26,4.420
2012-04-27,5.340
2012-04-28,6.500
2012-04-29,8.590
2012-04-30,8.460
2012-05-01,7.560
2012-05-02,8.680
2012-05-03,10.300
2012-05-04,11.900
2012-05-05,12.100
2012-05-06,11.600
2012-05-07,10.300
2012-05-08,7.960
2012-05-09,8.040
2012-05-10,8.830
2012-05-11,8.830
2012-05-12,8.400
2012-05-13,6.800
2012-05-14,5.150
2012-05-15,3.960
2012-05-16,3.260
2012-05-17,2.670
2012-05-18,2.210
2012-05-19,1.950
2012-05-20,1.770
2012-05-21,1.440
2012-05-22,1.320
2012-05-23,0.596
2012-05-24,0.930
2012-05-25,0.907
2012-05-26,0.804
2012-05-27,0.740
2012-05-28,0.694
2012-05-29,0.647
2012-05-30,0.680
2012-05-31,0.685
2012-06-01,0.635
2012-06-02,0.643
2012-06-03,1.960
2012-06-04,3.300
2012-06-05,2.880
2012-06-06,2.010
2012-06-07,1.570
2012-06-08,1.840
2012-06-09,2.140
2012-06-10,1.800
2012-06-11,4.430
2012-06-12,7.330
2012-06-13,6.820
2012-06-14,6.470
2012-06-15,7.680
2012-06-16,7.390
2012-06-17,6.870
2012-06-18,6.410
2012-06-19,5.520
2012-06-20,3.930
2012-06-21,3.870
2012-06-22,4.060
2012-06-23,3.470
2012-06-24,5.070
2012-06-25,5.110
2012-06-26,4.580
2012-06-27,3.610
2012-06-28,2.500
2012-06-29,1.810
2012-06-30,1.450
2012-07-01,1.280
2012-07-02,1.160
2012-07-03,1.210
2012-07-04,1.590
2012-07-05,2.690
2012-07-06,5.420
2012-07-07,7.470
2012-07-08,7.530
2012-07-09,7.530
2012-07-10,7.250
2012-07-11,6.940
2012-07-12,7.040
2012-07-13,8.070
2012-07-14,7.880
2012-07-15,8.070
2012-07-16,7.360
2012-07-17,7.090
2012-07-18,6.770
2012-07-19,6.170
2012-07-20,4.970
2012-07-21,3.900
2012-07-22,2.970
2012-07-23,2.210
2012-07-24,1.680
2012-07-25,1.380
2012-07-26,1.120
2012-07-27,0.439
2012-07-28,0.879
2012-07-29,0.894
2012-07-30,0.949
2012-07-31,1.060
2012-08-01,0.990
2012-08-02,0.999
2012-08-03,1.010
2012-08-04,0.924
2012-08-05,2.110
2012-08-06,3.860
2012-08-07,2.910
2012-08-08,2.100
2012-08-09,0.999
2012-08-10,1.210
2012-08-11,1.040
2012-08-12,0.916
2012-08-13,0.854
2012-08-14,0.798
2012-08-15,0.882
2012-08-16,0.996
2012-08-17,0.993
2012-08-18,0.865
2012-08-19,0.737
2012-08-20,0.679
2012-08-21,0.625
2012-08-22,0.567
2012-08-23,0.531
2012-08-24,0.529
2012-08-25,0.620
2012-08-26,0.671
2012-08-27,0.574
2012-08-28,0.699
2012-08-29,0.979
2012-08-30,1.810
2012-08-31,1.590
2012-09-01,1.280
2012-09-02,0.991
2012-09-03,0.515
2012-09-04,0.577
2012-09-05,0.627
2012-09-06,0.587
2012-09-07,0.544
2012-09-08,0.520
2012-09-09,0.479
2012-09-10,0.461
2012-09-11,0.431
2012-09-12,0.404
2012-09-13,0.421
2012-09-14,0.379
2012-09-15,0.370
2012-09-16,0.361
2012-09-17,0.347
2012-09-18,0.335
2012-09-19,0.327
2012-09-20,0.329
2012-09-21,0.333
2012-09-22,0.321
2012-09-23,0.485
2012-09-24,2.170
2012-09-25,2.230
2012-09-26,1.800
2012-09-27,2.590
2012-09-28,2.600
2012-09-29,1.760
2012-09-30,1.270
2012-10-01,0.993
2012-10-02,0.921
2012-10-03,0.927
2012-10-04,0.943
2012-10-05,2.750
2012-10-06,5.540
2012-10-07,5.580
2012-10-08,5.110
2012-10-09,4.160
2012-10-10,3.160
2012-10-11,2.430
2012-10-12,2.730
2012-10-13,2.530
2012-10-14,2.080
2012-10-15,1.170
2012-10-16,1.330
2012-10-17,4.500
2012-10-18,9.480
2012-10-19,9.550
2012-10-20,9.950
2012-10-21,9.750
2012-10-22,9.050
2012-10-23,7.550
2012-10-24,6.680
2012-10-25,5.500
2012-10-26,4.480
2012-10-27,3.360
2012-10-28,2.680
2012-10-29,2.220
2012-10-30,2.190
2012-10-31,2.640
2012-11-01,6.510
2012-11-02,6.890
2012-11-03,6.820
2012-11-04,7.600
2012-11-05,8.120
2012-11-06,8.130
2012-11-07,7.120
2012-11-08,6.590
2012-11-09,5.540
2012-11-10,4.490
2012-11-11,3.630
2012-11-12,3.100
2012-11-13,3.250
2012-11-14,3.560
2012-11-15,2.650
2012-11-16,2.630
2012-11-17,2.770
2012-11-18,3.000
2012-11-19,2.760
2012-11-20,2.690
2012-11-21,5.810
2012-11-22,8.770
2012-11-23,9.830
2012-11-24,11.400
2012-11-25,14.600
2012-11-26,15.700
2012-11-27,18.400
2012-11-28,18.900
2012-11-29,18.100
2012-11-30,16.400
2012-12-01,14.100
2012-12-02,12.300
2012-12-03,10.500
2012-12-04,9.530
2012-12-05,8.440
2012-12-06,7.510
2012-12-07,7.590
2012-12-08,7.200
2012-12-09,6.300
2012-12-10,4.940
2012-12-11,3.910
2012-12-12,3.200
2012-12-13,2.730
2012-12-14,4.180
2012-12-15,7.050
2012-12-16,6.460
2012-12-17,5.560
2012-12-18,5.160
2012-12-19,5.040
2012-12-20,9.890
2012-12-21,8.520
2012-12-22,10.300
2012-12-23,12.300
2012-12-24,14.500
2012-12-25,16.500
2012-12-26,16.900
2012-12-27,17.300
2012-12-28,15.800
2012-12-29,14.500
2012-12-30,13.100
2012-12-31,11.700
2013-01-01,11.300
2013-01-02,10.400
2013-01-03,8.980
2013-01-04,7.790
2013-01-05,6.920
2013-01-06,5.930
2013-01-07,4.840
2013-01-08,3.930
2013-01-09,3.880
2013-01-10,3.680
2013-01-11,3.050
2013-01-12,3.050
2013-01-13,2.890
2013-01-14,3.030
2013-01-15,3.780
2013-01-16,3.190
2013-01-17,2.460
2013-01-18,2.250
2013-01-19,2.190
2013-01-20,2.170
2013-01-21,2.290
2013-01-22,2.350
2013-01-23,2.620
2013-01-24,2.980
2013-01-25,3.840
2013-01-26,9.520
2013-01-27,12.000
2013-01-28,9.860
2013-01-29,12.400
2013-01-30,13.700
2013-01-31,13.300
2013-02-01,12.200
2013-02-02,11.000
2013-02-03,10.000
2013-02-04,7.720
2013-02-05,6.310
2013-02-06,5.100
2013-02-07,3.800
2013-02-08,3.010
2013-02-09,3.070
2013-02-10,8.460
2013-02-11,12.100
2013-02-12,11.500
2013-02-13,13.000
2013-02-14,14.600
2013-02-15,12.900
2013-02-16,12.100
2013-02-17,11.900
2013-02-18,10.100
2013-02-19,8.310
2013-02-20,6.400
2013-02-21,5.000
2013-02-22,3.510
2013-02-23,2.660
2013-02-24,2.270
2013-02-25,2.040
2013-02-26,1.880
2013-02-27,1.760
2013-02-28,1.670
2013-03-01,1.570
2013-03-02,1.440
2013-03-03,1.420
2013-03-04,1.390
2013-03-05,1.340
2013-03-06,1.150
2013-03-07,1.840
2013-03-08,3.980
2013-03-09,6.050
2013-03-10,4.940
2013-03-11,2.950
2013-03-12,2.040
2013-03-13,1.930
2013-03-14,1.710
2013-03-15,1.960
2013-03-16,8.050
2013-03-17,11.800
2013-03-18,12.100
2013-03-19,13.100
2013-03-20,13.600
2013-03-21,11.600
2013-03-22,10.200
2013-03-23,11.600
2013-03-24,11.300
2013-03-25,10.400
2013-03-26,8.540
2013-03-27,6.780
2013-03-28,5.360
2013-03-29,3.720
2013-03-30,2.880
2013-03-31,2.440
2013-04-01,2.170
2013-04-02,1.920
2013-04-03,1.710
2013-04-04,1.550
2013-04-05,1.520
2013-04-06,1.420
2013-04-07,1.350
2013-04-08,1.320
2013-04-09,1.280
2013-04-10,1.200
2013-04-11,1.310
2013-04-12,2.590
2013-04-13,4.090
2013-04-14,4.170
2013-04-15,2.730
2013-04-16,1.900
2013-04-17,1.640
2013-04-18,1.410
2013-04-19,1.210
2013-04-20,1.080
2013-04-21,1.040
2013-04-22,1.010
2013-04-23,0.899
2013-04-24,0.868
2013-04-25,0.836
2013-04-26,1.030
2013-04-27,0.900
2013-04-28,0.843
2013-04-29,0.789
2013-04-30,0.749
2013-05-01,0.722
2013-05-02,0.610
2013-05-03,0.658
2013-05-04,0.651
2013-05-05,0.621
2013-05-06,0.609
2013-05-07,0.600
2013-05-08,0.615
2013-05-09,0.600
2013-05-10,0.644
2013-05-11,0.741
2013-05-12,0.749
2013-05-13,0.711
2013-05-14,0.990
2013-05-15,1.720
2013-05-16,1.390
2013-05-17,0.954
2013-05-18,0.781
2013-05-19,0.666
2013-05-20,0.624
2013-05-21,0.589
2013-05-22,0.542
2013-05-23,0.543
2013-05-24,0.632
2013-05-25,0.609
2013-05-26,0.548
2013-05-27,0.497
2013-05-28,2.180
2013-05-29,3.050
2013-05-30,3.100
2013-05-31,2.270
2013-06-01,1.270
2013-06-02,0.883
2013-06-03,0.599
2013-06-04,0.603
2013-06-05,0.644
2013-06-06,0.636
2013-06-07,0.582
2013-06-08,0.538
2013-06-09,0.585
2013-06-10,0.562
2013-06-11,0.513
2013-06-12,0.479
2013-06-13,0.442
2013-06-14,0.420
2013-06-15,0.529
2013-06-16,0.483
2013-06-17,0.436
2013-06-18,0.381
2013-06-19,0.346
2013-06-20,0.329
2013-06-21,0.319
2013-06-22,0.312
2013-06-23,0.286
2013-06-24,0.289
2013-06-25,0.260
2013-06-26,0.252
2013-06-27,0.261
2013-06-28,0.292
2013-06-29,0.255
2013-06-30,0.240
2013-07-01,0.234
2013-07-02,0.227
2013-07-03,0.229
2013-07-04,0.210
2013-07-05,0.211
2013-07-06,0.204
2013-07-07,0.202
2013-07-08,0.194
2013-07-09,0.188
2013-07-10,0.187
2013-07-11,0.183
2013-07-12,0.180
2013-07-13,0.174
2013-07-14,0.174
2013-07-15,0.156
2013-07-16,0.139
2013-07-17,0.131
2013-07-18,0.120
2013-07-19,0.119
2013-07-20,0.114
2013-07-21,0.115
2013-07-22,0.135
2013-07-23,0.302
2013-07-24,0.243
2013-07-25,0.228
2013-07-26,0.167
2013-07-27,0.313
2013-07-28,0.708
2013-07-29,0.486
2013-07-30,0.498
2013-07-31,0.404
2013-08-01,0.312
2013-08-02,0.235
2013-08-03,0.204
2013-08-04,0.198
2013-08-05,0.241
2013-08-06,0.352
2013-08-07,0.221
2013-08-08,0.182
2013-08-09,0.176
2013-08-10,0.171
2013-08-11,0.159
2013-08-12,0.157
2013-08-13,0.151
2013-08-14,0.150
2013-08-15,0.155
2013-08-16,0.175
2013-08-17,0.180
2013-08-18,0.167
2013-08-19,0.166
2013-08-20,0.156
2013-08-21,0.163
2013-08-22,0.188
2013-08-23,0.214
2013-08-24,0.182
2013-08-25,0.174
2013-08-26,0.148
2013-08-27,0.129
2013-08-28,0.129
2013-08-29,0.119
2013-08-30,0.117
2013-08-31,0.105
2013-09-01,0.099
2013-09-02,0.102
2013-09-03,0.098
2013-09-04,0.094
2013-09-05,0.104
2013-09-06,0.111
2013-09-07,0.115
2013-09-08,0.129
2013-09-09,0.274
2013-09-10,0.268
2013-09-11,0.172
2013-09-12,0.196
2013-09-13,0.270
2013-09-14,0.677
2013-09-15,0.406
2013-09-16,0.302
2013-09-17,0.284
2013-09-18,0.304
2013-09-19,0.224
2013-09-20,0.291
2013-09-21,0.202
2013-09-22,0.208
2013-09-23,0.243
2013-09-24,0.268
2013-09-25,0.167
2013-09-26,0.120
2013-09-27,0.218
2013-09-28,0.198
2013-09-29,0.230
2013-09-30,0.251
2013-10-01,0.247
2013-10-02,0.178
2013-10-03,0.132
2013-10-04,0.151
2013-10-05,0.142
2013-10-06,0.124
2013-10-07,0.127
2013-10-08,0.123
2013-10-09,0.117
2013-10-10,0.126
2013-10-11,0.171
2013-10-12,0.291
2013-10-13,0.818
2013-10-14,0.739
2013-10-15,0.676
2013-10-16,0.843
2013-10-17,0.661
2013-10-18,0.511
2013-10-19,0.624
2013-10-20,1.090
2013-10-21,1.620
2013-10-22,1.220
2013-10-23,1.110
2013-10-24,1.060
2013-10-25,0.806
2013-10-26,0.670
2013-10-27,0.780
2013-10-28,2.390
2013-10-29,2.180
2013-10-30,1.520
2013-10-31,1.050
2013-11-01,0.987
2013-11-02,1.120
2013-11-03,1.190
2013-11-04,2.530
2013-11-05,3.730
2013-11-06,3.630
2013-11-07,3.680
2013-11-08,3.440
2013-11-09,3.460
2013-11-10,3.390
2013-11-11,3.240
2013-11-12,3.650
2013-11-13,3.720
2013-11-14,3.150
2013-11-15,2.450
2013-11-16,1.990
2013-11-17,1.720
2013-11-18,1.580
2013-11-19,1.460
2013-11-20,1.520
2013-11-21,2.070
2013-11-22,2.120
2013-11-23,1.870
2013-11-24,1.560
2013-11-25,1.300
2013-11-26,1.200
2013-11-27,1.170
2013-11-28,1.210
2013-11-29,1.140
2013-11-30,1.120
2013-12-01,1.050
2013-12-02,1.170
2013-12-03,1.030
2013-12-04,1.180
2013-12-05,0.880
2013-12-06,0.820
2013-12-07,0.775
2013-12-08,0.796
2013-12-09,0.909
2013-12-10,0.822
2013-12-11,0.684
2013-12-12,0.650
2013-12-13,0.637
2013-12-14,0.659
2013-12-15,0.743
2013-12-16,1.040
2013-12-17,2.000
2013-12-18,3.300
2013-12-19,5.110
2013-12-20,4.740
2013-12-21,7.010
2013-12-22,8.150
2013-12-23,9.210
2013-12-24,12.800
2013-12-25,10.600
2013-12-26,14.000
2013-12-27,16.200
2013-12-28,16.100
2013-12-29,15.000
2013-12-30,13.600
2013-12-31,12.800
2014-01-01,12.600
2014-01-02,12.500
2014-01-03,10.700
2014-01-04,14.200
2014-01-05,14.400
2014-01-06,15.800
2014-01-07,18.000
2014-01-08,18.200
2014-01-09,18.300
2014-01-10,17.500
2014-01-11,16.900
2014-01-12,15.400
2014-01-13,13.700
2014-01-14,13.100
2014-01-15,12.500
2014-01-16,12.500
2014-01-17,11.800
2014-01-18,12.200
2014-01-19,11.800
2014-01-20,11.300
2014-01-21,10.500
2014-01-22,10.400
2014-01-23,9.980
2014-01-24,9.690
2014-01-25,10.300
2014-01-26,10.200
2014-01-27,9.290
2014-01-28,10.100
2014-01-29,11.500
2014-01-30,10.500
2014-01-31,11.200
2014-02-01,11.500
2014-02-02,11.900
2014-02-03,12.700
2014-02-04,12.100
2014-02-05,12.900
2014-02-06,12.900
2014-02-07,14.600
2014-02-08,13.000
2014-02-09,15.400
2014-02-10,15.200
2014-02-11,13.800
2014-02-12,12.500
2014-02-13,11.200
2014-02-14,10.300
2014-02-15,11.000
2014-02-16,10.400
2014-02-17,10.600
2014-02-18,9.740
2014-02-19,8.800
2014-02-20,8.120
2014-02-21,7.650
2014-02-22,6.880
2014-02-23,5.860
2014-02-24,4.650
2014-02-25,5.440
2014-02-26,6.420
2014-02-27,7.600
2014-02-28,9.480
2014-03-01,10.200
2014-03-02,9.640
2014-03-03,10.300
2014-03-04,9.470
2014-03-05,8.750
2014-03-06,8.050
2014-03-07,7.300
2014-03-08,5.130
2014-03-09,3.780
2014-03-10,2.970
2014-03-11,2.530
2014-03-12,2.280
2014-03-13,1.930
2014-03-14,1.920
2014-03-15,1.680
2014-03-16,1.700
2014-03-17,1.720
2014-03-18,1.640
2014-03-19,1.560
2014-03-20,1.510
2014-03-21,1.530
2014-03-22,1.540
2014-03-23,1.420
2014-03-24,1.270
2014-03-25,1.500
2014-03-26,1.590
2014-03-27,1.560
2014-03-28,1.440
2014-03-29,1.310
2014-03-30,1.170
2014-03-31,1.060
2014-04-01,0.980
2014-04-02,0.920
2014-04-03,0.880
2014-04-04,0.840
2014-04-05,0.810
2014-04-06,0.850
2014-04-07,0.960
2014-04-08,1.010
2014-04-09,0.920
2014-04-10,0.820
2014-04-11,0.750
2014-04-12,0.700
2014-04-13,0.660
2014-04-14,0.630
2014-04-15,0.600
2014-04-16,0.580
2014-04-17,0.560
2014-04-18,0.540
2014-04-19,0.520
2014-04-20,0.530
2014-04-21,0.600
2014-04-22,0.640
2014-04-23,0.650
2014-04-24,0.660
2014-04-25,0.930
2014-04-26,1.290
2014-04-27,1.190
2014-04-28,0.860
2014-04-29,0.660
2014-04-30,0.560
2014-05-01,0.570
2014-05-02,0.630
2014-05-03,0.610
2014-05-04,0.530
2014-05-05,0.490
2014-05-06,0.490
2014-05-07,0.470
2014-05-08,0.490
2014-05-09,0.570
2014-05-10,0.580
2014-05-11,0.510
2014-05-12,0.450
2014-05-13,0.400
2014-05-14,0.370
2014-05-15,0.350
2014-05-16,0.330
2014-05-17,0.320
2014-05-18,0.310
2014-05-19,0.300
2014-05-20,0.290
2014-05-21,0.430
2014-05-22,1.180
2014-05-23,2.130
2014-05-24,2.200
2014-05-25,1.580
2014-05-26,1.120
2014-05-27,1.230
2014-05-28,1.770
2014-05-29,2.170
2014-05-30,2.130
2014-05-31,1.890
2014-06-01,1.680
2014-06-02,1.510
2014-06-03,1.450
2014-06-04,1.550
2014-06-05,1.590
2014-06-06,1.410
2014-06-07,1.250
2014-06-08,1.160
2014-06-09,1.060
2014-06-10,0.950
2014-06-11,0.870
2014-06-12,0.800
2014-06-13,1.050
2014-06-14,1.530
2014-06-15,1.500
2014-06-16,1.110
2014-06-17,0.870
2014-06-18,0.740
2014-06-19,0.650
2014-06-20,0.600
2014-06-21,0.560
2014-06-22,0.530
2014-06-23,0.510
2014-06-24,0.490
2014-06-25,0.470
2014-06-26,0.450
2014-06-27,0.430
2014-06-28,0.430
2014-06-29,0.450
2014-06-30,0.450
2014-07-01,0.430
2014-07-02,0.410
2014-07-03,0.390
2014-07-04,0.400
2014-07-05,0.450
2014-07-06,0.470
2014-07-07,0.430
2014-07-08,0.410
2014-07-09,0.400
2014-07-10,0.390
2014-07-11,0.360
2014-07-12,0.340
2014-07-13,0.340
2014-07-14,0.360
2014-07-15,0.360
2014-07-16,0.340
2014-07-17,0.320
2014-07-18,0.410
2014-07-19,0.930
2014-07-20,1.360
2014-07-21,1.130
2014-07-22,0.720
2014-07-23,0.500
2014-07-24,0.390
2014-07-25,0.330
2014-07-26,0.300
2014-07-27,0.270
2014-07-28,0.260
2014-07-29,0.240
2014-07-30,0.230
2014-07-31,0.230
2014-08-01,0.220
2014-08-02,0.320
2014-08-03,0.550
2014-08-04,0.610
2014-08-05,0.570
2014-08-06,0.610
2014-08-07,0.540
2014-08-08,0.650
2014-08-09,1.260
2014-08-10,1.840
2014-08-11,1.720
2014-08-12,1.130
2014-08-13,0.680
2014-08-14,0.900
2014-08-15,1.420
2014-08-16,1.250
2014-08-17,0.760
2014-08-18,0.500
2014-08-19,0.370
2014-08-20,0.300
2014-08-21,0.260
2014-08-22,0.240
2014-08-23,0.220
2014-08-24,0.210
2014-08-25,0.620
2014-08-26,1.330
2014-08-27,1.300
2014-08-28,0.780
2014-08-29,0.500
2014-08-30,0.360
2014-08-31,0.290
2014-09-01,0.250
2014-09-02,0.220
2014-09-03,0.210
2014-09-04,0.200
2014-09-05,0.190
2014-09-06,0.180
2014-09-07,0.180
2014-09-08,0.170
2014-09-09,0.170
2014-09-10,0.160
2014-09-11,0.160
2014-09-12,0.160
2014-09-13,0.150
2014-09-14,0.150
2014-09-15,0.150
2014-09-16,0.150
2014-09-17,0.140
2014-09-18,0.140
2014-09-19,0.140
2014-09-20,0.140
2014-09-21,0.140
2014-09-22,0.130
2014-09-23,0.130
2014-09-24,0.130
2014-09-25,0.130
2014-09-26,0.130
2014-09-27,0.130
2014-09-28,0.130
2014-09-29,0.120
2014-09-30,0.120
2014-10-01,0.120
2014-10-02,0.120
2014-10-03,0.120
2014-10-04,0.170
2014-10-05,0.450
2014-10-06,0.900
2014-10-07,1.030
2014-10-08,0.760
2014-10-09,0.480
2014-10-10,0.320
2014-10-11,0.240
2014-10-12,0.270
2014-10-13,0.670
2014-10-14,1.080
2014-10-15,1.170
2014-10-16,1.140
2014-10-17,0.980
2014-10-18,0.790
2014-10-19,0.590
2014-10-20,0.400
2014-10-21,0.290
2014-10-22,0.220
2014-10-23,0.190
2014-10-24,0.190
2014-10-25,0.230
2014-10-26,0.240
2014-10-27,0.210
2014-10-28,0.180
2014-10-29,0.230
2014-10-30,0.330
2014-10-31,0.360
2014-11-01,0.380
2014-11-02,0.500
2014-11-03,0.530
2014-11-04,0.460
2014-11-05,0.400
2014-11-06,0.460
2014-11-07,0.620
2014-11-08,0.770
2014-11-09,0.830
2014-11-10,0.720
2014-11-11,0.700
2014-11-12,0.920
2014-11-13,1.730
2014-11-14,3.210
2014-11-15,4.090
2014-11-16,5.070
2014-11-17,6.620
2014-11-18,6.840
2014-11-19,5.840
2014-11-20,4.830
2014-11-21,4.370
2014-11-22,5.200
2014-11-23,6.870
2014-11-24,7.570
2014-11-25,7.850
2014-11-26,8.640
2014-11-27,8.510
2014-11-28,7.450
2014-11-29,6.430
2014-11-30,5.450
2014-12-01,4.550
2014-12-02,3.840
2014-12-03,3.280
2014-12-04,2.850
2014-12-05,2.500
2014-12-06,2.230
2014-12-07,2.000
2014-12-08,1.810
2014-12-09,1.670
2014-12-10,1.570
2014-12-11,1.950
2014-12-12,2.820
2014-12-13,3.200
2014-12-14,3.050
2014-12-15,2.870
2014-12-16,3.630
2014-12-17,5.360
2014-12-18,6.380
2014-12-19,6.360
2014-12-20,5.720
2014-12-21,4.840
2014-12-22,4.080
2014-12-23,3.550
2014-12-24,3.200
2014-12-25,2.870
2014-12-26,3.340
2014-12-27,4.620
2014-12-28,5.060
2014-12-29,4.520
2014-12-30,3.890
2014-12-31,3.350
2015-01-01,2.960
2015-01-02,3.580
2015-01-03,5.450
2015-01-04,6.630
2015-01-05,6.230
2015-01-06,5.350
2015-01-07,5.110
2015-01-08,5.710
2015-01-09,5.990
2015-01-10,5.510
2015-01-11,4.880
2015-01-12,4.950
2015-01-13,5.750
2015-01-14,7.230
2015-01-15,8.740
2015-01-16,8.580
2015-01-17,7.250
2015-01-18,6.030
2015-01-19,5.040
2015-01-20,4.270
2015-01-21,3.680
2015-01-22,3.210
2015-01-23,2.890
2015-01-24,2.700
2015-01-25,2.510
2015-01-26,2.310
2015-01-27,2.120
2015-01-28,1.970
2015-01-29,1.910
2015-01-30,1.870
2015-01-31,1.920
2015-02-01,2.070
2015-02-02,2.080
2015-02-03,1.940
2015-02-04,1.790
2015-02-05,1.640
2015-02-06,1.510
2015-02-07,1.400
2015-02-08,1.300
2015-02-09,1.210
2015-02-10,1.140
2015-02-11,1.070
2015-02-12,1.010
2015-02-13,1.150
2015-02-14,1.500
2015-02-15,1.660
2015-02-16,2.180
2015-02-17,3.290
2015-02-18,3.700
2015-02-19,3.860
2015-02-20,4.420
2015-02-21,4.500
2015-02-22,4.650
2015-02-23,5.240
2015-02-24,5.170
2015-02-25,4.490
2015-02-26,4.110
2015-02-27,4.060
2015-02-28,3.930
2015-03-01,3.810
2015-03-02,3.670
2015-03-03,3.330
2015-03-04,2.940
2015-03-05,2.590
2015-03-06,2.300
2015-03-07,2.060
2015-03-08,1.860
2015-03-09,1.700
2015-03-10,1.560
2015-03-11,1.440
2015-03-12,1.340
2015-03-13,1.260
2015-03-14,1.180
2015-03-15,1.110
2015-03-16,1.050
2015-03-17,1.010
2015-03-18,0.970
2015-03-19,0.910
2015-03-20,0.860
2015-03-21,0.820
2015-03-22,0.770
2015-03-23,0.750
2015-03-24,0.730
2015-03-25,0.820
2015-03-26,1.020
2015-03-27,1.070
2015-03-28,0.940
2015-03-29,0.840
2015-03-30,0.760
2015-03-31,0.700
2015-04-01,0.650
2015-04-02,0.650
2015-04-03,0.690
2015-04-04,0.720
2015-04-05,0.670
2015-04-06,0.590
2015-04-07,0.530
2015-04-08,0.490
2015-04-09,0.460
2015-04-10,0.440
2015-04-11,0.420
2015-04-12,0.400
2015-04-13,0.390
2015-04-14,0.380
2015-04-15,0.370
2015-04-16,0.360
2015-04-17,0.350
2015-04-18,0.340
2015-04-19,0.330
2015-04-20,0.320
2015-04-21,0.310
2015-04-22,0.310
2015-04-23,0.300
2015-04-24,0.290
2015-04-25,0.330
2015-04-26,0.440
2015-04-27,0.480
2015-04-28,0.430
2015-04-29,0.370
2015-04-30,0.330
2015-05-01,0.310
2015-05-02,0.360
2015-05-03,0.490
2015-05-04,0.700
2015-05-05,0.900
2015-05-06,0.810
2015-05-07,0.570
2015-05-08,0.430
2015-05-09,0.350
2015-05-10,0.300
2015-05-11,0.280
2015-05-12,0.260
2015-05-13,0.240
2015-05-14,0.390
2015-05-15,0.700
2015-05-16,0.740
2015-05-17,0.550
2015-05-18,0.430
2015-05-19,0.390
2015-05-20,0.340
2015-05-21,0.290
2015-05-22,0.260
2015-05-23,0.240
2015-05-24,0.220
2015-05-25,0.210
2015-05-26,0.200
2015-05-27,0.200
2015-05-28,0.190
2015-05-29,0.190
2015-05-30,0.190
2015-05-31,0.180
2015-06-01,0.190
2015-06-02,0.210
2015-06-03,0.210
2015-06-04,0.200
2015-06-05,0.190
2015-06-06,0.180
2015-06-07,0.180
2015-06-08,0.170
2015-06-09,0.160
2015-06-10,0.160
2015-06-11,0.160
2015-06-12,0.150
2015-06-13,0.150
2015-06-14,0.150
2015-06-15,0.140
2015-06-16,0.140
2015-06-17,0.140
2015-06-18,0.140
2015-06-19,0.130
2015-06-20,0.140
2015-06-21,0.140
2015-06-22,0.150
2015-06-23,0.150
2015-06-24,0.140
2015-06-25,0.140
2015-06-26,0.130
2015-06-27,0.130
2015-06-28,0.130
2015-06-29,0.120
2015-06-30,0.120
2015-07-01,0.120
2015-07-02,0.120
2015-07-03,0.110
2015-07-04,0.110
2015-07-05,0.110
2015-07-06,0.110
2015-07-07,0.110
2015-07-08,0.110
2015-07-09,0.100
2015-07-10,0.100
2015-07-11,0.100
2015-07-12,0.100
2015-07-13,0.100
2015-07-14,0.100
2015-07-15,0.100
2015-07-16,0.100
2015-07-17,0.090
2015-07-18,0.090
2015-07-19,0.090
2015-07-20,0.090
2015-07-21,0.090
2015-07-22,0.090
2015-07-23,0.090
2015-07-24,0.630
2015-07-25,0.810
2015-07-26,0.570
2015-07-27,0.770
2015-07-28,0.690
2015-07-29,0.450
2015-07-30,0.300
2015-07-31,0.220
2015-08-01,0.180
2015-08-02,0.150
2015-08-03,0.140
2015-08-04,0.130
2015-08-05,0.120
2015-08-06,0.110
2015-08-07,0.110
2015-08-08,0.100
2015-08-09,0.100
2015-08-10,0.100
2015-08-11,0.100
2015-08-12,0.090
2015-08-13,0.310
2015-08-14,0.760
2015-08-15,0.820
2015-08-16,0.530
2015-08-17,0.340
2015-08-18,0.240
2015-08-19,0.180
2015-08-20,0.150
2015-08-21,0.130
2015-08-22,0.120
2015-08-23,0.130
2015-08-24,0.270
2015-08-25,0.590
2015-08-26,0.770
2015-08-27,0.640
2015-08-28,0.480
2015-08-29,0.340
2015-08-30,0.340
2015-08-31,0.530
2015-09-01,0.650
2015-09-02,0.530
2015-09-03,0.350
2015-09-04,0.250
2015-09-05,0.190
2015-09-06,0.160
2015-09-07,0.130
2015-09-08,0.120
2015-09-09,0.110
2015-09-10,0.110
2015-09-11,0.100
2015-09-12,0.100
2015-09-13,0.130
2015-09-14,0.230
2015-09-15,0.310
2015-09-16,0.560
2015-09-17,0.920
2015-09-18,0.840
2015-09-19,0.520
2015-09-20,0.330
2015-09-21,0.410
2015-09-22,0.920
2015-09-23,1.240
2015-09-24,0.930
2015-09-25,0.550
2015-09-26,0.340
2015-09-27,0.240
2015-09-28,0.180
2015-09-29,0.150
2015-09-30,0.130
2015-10-01,0.120
2015-10-02,0.110
2015-10-03,0.100
2015-10-04,0.100
2015-10-05,0.240
2015-10-06,0.910
2015-10-07,1.440
2015-10-08,1.120
2015-10-09,0.630
2015-10-10,0.380
2015-10-11,0.260
2015-10-12,0.190
2015-10-13,0.160
2015-10-14,0.140
2015-10-15,0.120
2015-10-16,0.110
2015-10-17,0.110
2015-10-18,0.100
2015-10-19,0.100
2015-10-20,0.230
2015-10-21,0.520
2015-10-22,0.580
2015-10-23,0.400
2015-10-24,0.320
2015-10-25,0.310
2015-10-26,0.270
2015-10-27,0.240
2015-10-28,0.240
2015-10-29,0.300
2015-10-30,0.390
2015-10-31,0.370
2015-11-01,0.280
2015-11-02,0.210
2015-11-03,0.260
2015-11-04,0.470
2015-11-05,0.660
2015-11-06,0.800
2015-11-07,0.970
2015-11-08,0.930
2015-11-09,0.650
2015-11-10,0.410
2015-11-11,0.280
2015-11-12,0.260
2015-11-13,0.350
2015-11-14,0.540
2015-11-15,0.670
2015-11-16,0.700
2015-11-17,0.710
2015-11-18,0.620
2015-11-19,0.620
2015-11-20,0.750
2015-11-21,0.700
2015-11-22,0.490
2015-11-23,0.480
2015-11-24,0.630
2015-11-25,0.600
2015-11-26,0.470
2015-11-27,0.400
2015-11-28,0.400
2015-11-29,0.420
2015-11-30,0.540
2015-12-01,0.710
2015-12-02,0.750
2015-12-03,1.120
2015-12-04,1.870
2015-12-05,2.170
2015-12-06,2.000
2015-12-07,1.780
2015-12-08,1.590
2015-12-09,1.420
2015-12-10,1.350
2015-12-11,1.540
2015-12-12,2.690
2015-12-13,4.410
2015-12-14,5.080
2015-12-15,5.180
2015-12-16,5.410
2015-12-17,5.130
2015-12-18,4.500
2015-12-19,3.870
2015-12-20,3.350
2015-12-21,2.960
2015-12-22,3.030
2015-12-23,3.480
2015-12-24,3.830
2015-12-25,4.210
2015-12-26,4.950
2015-12-27,5.680
2015-12-28,5.600
2015-12-29,4.860
2015-12-30,5.370
2015-12-31,7.690
2016-01-01,9.230
2016-01-02,9.300
2016-01-03,9.570
2016-01-04,9.780
2016-01-05,9.090
2016-01-06,8.450
2016-01-07,8.110
2016-01-08,8.900
2016-01-09,11.500
2016-01-10,14.500
2016-01-11,15.800
2016-01-12,14.300
2016-01-13,11.800
2016-01-14,9.820
2016-01-15,8.010
2016-01-16,6.740
2016-01-17,6.120
2016-01-18,5.590
2016-01-19,4.900
2016-01-20,4.210
2016-01-21,3.690
2016-01-22,3.520
2016-01-23,3.710
2016-01-24,3.800
2016-01-25,3.560
2016-01-26,3.280
2016-01-27,3.170
2016-01-28,3.050
2016-01-29,3.130
2016-01-30,3.450
2016-01-31,3.510
2016-02-01,3.290
2016-02-02,2.990
2016-02-03,2.670
2016-02-04,2.390
2016-02-05,2.350
2016-02-06,3.230
2016-02-07,5.690
2016-02-08,8.350
2016-02-09,9.030
2016-02-10,7.980
2016-02-11,6.610
2016-02-12,5.460
2016-02-13,4.590
2016-02-14,3.950
2016-02-15,3.430
2016-02-16,3.010
2016-02-17,3.470
2016-02-18,4.780
2016-02-19,5.200
2016-02-20,4.630
2016-02-21,4.030
2016-02-22,3.540
2016-02-23,3.120
2016-02-24,2.760
2016-02-25,2.460
2016-02-26,2.210
2016-02-27,2.010
2016-02-28,1.830
2016-02-29,1.690
2016-03-01,1.520
2016-03-02,1.450
2016-03-03,1.410
2016-03-04,1.440
2016-03-05,1.510
2016-03-06,1.540
2016-03-07,1.480
2016-03-08,3.500
2016-03-09,8.670
2016-03-10,11.800
2016-03-11,10.900
2016-03-12,8.850
2016-03-13,7.090
2016-03-14,5.750
2016-03-15,4.760
2016-03-16,4.020
2016-03-17,3.450
2016-03-18,3.010
2016-03-19,2.660
2016-03-20,2.380
2016-03-21,2.140
2016-03-22,1.950
2016-03-23,1.780
2016-03-24,1.740
2016-03-25,1.820
2016-03-26,1.870
2016-03-27,2.560
2016-03-28,3.670
2016-03-29,3.870
2016-03-30,3.430
2016-03-31,2.980
2016-04-01,2.580
2016-04-02,2.280
2016-04-03,2.390
2016-04-04,2.780
2016-04-05,2.800
2016-04-06,2.480
2016-04-07,2.200
2016-04-08,2.010
2016-04-09,1.850
2016-04-10,1.720
2016-04-11,1.750
2016-04-12,1.860
2016-04-13,1.810
2016-04-14,1.650
2016-04-15,1.570
2016-04-16,1.550
2016-04-17,1.460
2016-04-18,1.310
2016-04-19,1.180
2016-04-20,1.080
2016-04-21,1.000
2016-04-22,0.945
2016-04-23,0.898
2016-04-24,0.853
2016-04-25,0.808
2016-04-26,0.766
2016-04-27,0.729
2016-04-28,0.717
2016-04-29,0.732
2016-04-30,0.724
2016-05-01,0.684
2016-05-02,0.658
2016-05-03,0.649
2016-05-04,0.626
2016-05-05,0.590
2016-05-06,0.556
2016-05-07,0.528
2016-05-08,0.504
2016-05-09,0.523
2016-05-10,0.882
2016-05-11,1.340
2016-05-12,1.250
2016-05-13,0.890
2016-05-14,0.672
2016-05-15,0.555
2016-05-16,0.488
2016-05-17,0.461
2016-05-18,0.508
2016-05-19,0.578
2016-05-20,0.582
2016-05-21,0.613
2016-05-22,0.669
2016-05-23,0.619
2016-05-24,0.516
2016-05-25,0.442
2016-05-26,0.395
2016-05-27,0.364
2016-05-28,0.342
2016-05-29,0.326
2016-05-30,0.313
2016-05-31,0.359
2016-06-01,0.470
2016-06-02,0.502
2016-06-03,0.438
2016-06-04,0.378
2016-06-05,0.337
2016-06-06,0.309
2016-06-07,0.343
2016-06-08,0.434
2016-06-09,0.451
2016-06-10,0.392
2016-06-11,0.339
2016-06-12,0.303
2016-06-13,0.278
2016-06-14,0.261
2016-06-15,0.551
2016-06-16,1.470
2016-06-17,1.920
2016-06-18,1.360
2016-06-19,1.100
2016-06-20,1.220
2016-06-21,1.010
2016-06-22,0.654
2016-06-23,0.459
2016-06-24,0.378
2016-06-25,0.363
2016-06-26,0.348
2016-06-27,0.315
2016-06-28,0.285
2016-06-29,0.267
2016-06-30,0.252
2016-07-01,0.236
2016-07-02,0.224
2016-07-03,0.215
2016-07-04,0.207
2016-07-05,0.200
2016-07-06,0.195
2016-07-07,0.190
2016-07-08,0.186
2016-07-09,0.182
2016-07-10,0.180
2016-07-11,0.180
2016-07-12,0.179
2016-07-13,0.175
2016-07-14,0.172
2016-07-15,0.168
2016-07-16,0.165
2016-07-17,0.162
2016-07-18,0.159
2016-07-19,0.156
2016-07-20,0.153
2016-07-21,0.151
2016-07-22,0.148
2016-07-23,0.146
2016-07-24,0.144
2016-07-25,0.142
2016-07-26,0.139
2016-07-27,0.137
2016-07-28,0.136
2016-07-29,0.134
2016-07-30,0.132
2016-07-31,0.130
2016-08-01,0.207
2016-08-02,0.403
2016-08-03,0.473
2016-08-04,0.370
2016-08-05,0.280
2016-08-06,0.225
2016-08-07,0.191
2016-08-08,0.170
2016-08-09,0.156
2016-08-10,0.146
2016-08-11,0.139
2016-08-12,0.133
2016-08-13,0.128
2016-08-14,0.125
2016-08-15,0.122
2016-08-16,0.119
2016-08-17,0.116
2016-08-18,0.114
2016-08-19,0.163
2016-08-20,0.284
2016-08-21,0.333
2016-08-22,0.276
2016-08-23,0.220
2016-08-24,0.192
2016-08-25,0.214
2016-08-26,0.255
2016-08-27,0.341
2016-08-28,0.451
2016-08-29,0.426
2016-08-30,0.315
2016-08-31,0.236
2016-09-01,0.188
2016-09-02,0.159
2016-09-03,0.267
2016-09-04,0.569
2016-09-05,0.692
2016-09-06,0.525
2016-09-07,0.352
2016-09-08,0.251
2016-09-09,0.241
2016-09-10,0.368
2016-09-11,0.485
2016-09-12,0.430
2016-09-13,0.311
2016-09-14,0.231
2016-09-15,0.183
2016-09-16,0.163
2016-09-17,0.159
2016-09-18,0.151
2016-09-19,0.326
2016-09-20,0.660
2016-09-21,0.682
2016-09-22,0.455
2016-09-23,0.305
2016-09-24,0.235
2016-09-25,0.208
2016-09-26,0.183
2016-09-27,0.158
2016-09-28,0.139
2016-09-29,0.126
2016-09-30,0.116
2016-10-01,0.142
2016-10-02,0.205
2016-10-03,0.227
2016-10-04,0.197
2016-10-05,0.165
2016-10-06,0.141
2016-10-07,0.126
2016-10-08,0.115
2016-10-09,0.107
2016-10-10,0.101
2016-10-11,0.097
2016-10-12,0.093
2016-10-13,0.090
2016-10-14,0.088
2016-10-15,0.254
2016-10-16,0.628
2016-10-17,0.720
2016-10-18,0.497
2016-10-19,0.325
2016-10-20,0.228
2016-10-21,0.174
2016-10-22,0.143
2016-10-23,0.124
2016-10-24,0.111
2016-10-25,0.103
2016-10-26,0.096
2016-10-27,0.092
2016-10-28,0.088
2016-10-29,0.085
2016-10-30,0.083
2016-10-31,0.081
2016-11-01,0.079
2016-11-02,0.077
2016-11-03,0.076
2016-11-04,0.087
2016-11-05,0.116
2016-11-06,0.139
2016-11-07,0.144
2016-11-08,0.732
2016-11-09,1.690
2016-11-10,1.610
2016-11-11,1.180
2016-11-12,1.170
2016-11-13,0.927
2016-11-14,0.568
2016-11-15,0.368
2016-11-16,0.301
2016-11-17,0.299
2016-11-18,0.283
2016-11-19,0.435
2016-11-20,0.960
2016-11-21,1.680
2016-11-22,2.150
2016-11-23,1.870
2016-11-24,1.140
2016-11-25,0.620
2016-11-26,0.376
2016-11-27,0.258
2016-11-28,0.197
2016-11-29,0.164
2016-11-30,0.145
2016-12-01,0.134
2016-12-02,0.126
2016-12-03,0.119
2016-12-04,0.113
2016-12-05,0.109
2016-12-06,0.108
2016-12-07,0.107
2016-12-08,0.110
2016-12-09,0.122
2016-12-10,0.805
2016-12-11,2.320
2016-12-12,3.140
2016-12-13,3.060
2016-12-14,2.800
2016-12-15,2.450
2016-12-16,2.130
2016-12-17,1.870
2016-12-18,1.660
2016-12-19,1.490
2016-12-20,1.410
2016-12-21,1.380
2016-12-22,1.320
2016-12-23,1.300
2016-12-24,1.320
2016-12-25,1.360
2016-12-26,1.410
2016-12-27,1.370
2016-12-28,1.270
2016-12-29,1.160
2016-12-30,1.070
2016-12-31,1.020
2017-01-01,1.420
2017-01-02,2.270
2017-01-03,2.650
2017-01-04,2.460
2017-01-05,2.170
2017-01-06,2.310
2017-01-07,2.860
2017-01-08,3.030
2017-01-09,2.950
2017-01-10,2.940
2017-01-11,2.760
2017-01-12,3.170
2017-01-13,4.270
2017-01-14,5.130
2017-01-15,6.840
2017-01-16,9.280
2017-01-17,10.000
2017-01-18,8.740
2017-01-19,7.080
2017-01-20,5.710
2017-01-21,4.680
2017-01-22,3.900
2017-01-23,3.310
2017-01-24,2.850
2017-01-25,2.490
2017-01-26,2.200
2017-01-27,1.970
2017-01-28,1.800
2017-01-29,2.220
2017-01-30,3.300
2017-01-31,4.440
2017-02-01,5.520
2017-02-02,5.950
2017-02-03,5.890
2017-02-04,5.760
2017-02-05,5.230
2017-02-06,4.950
2017-02-07,5.160
2017-02-08,4.920
2017-02-09,4.260
2017-02-10,3.640
2017-02-11,3.200
2017-02-12,2.910
2017-02-13,2.630
2017-02-14,2.340
2017-02-15,2.260
2017-02-16,2.370
2017-02-17,2.340
2017-02-18,2.140
2017-02-19,1.920
2017-02-20,1.740
2017-02-21,1.580
2017-02-22,1.550
2017-02-23,1.640
2017-02-24,1.630
2017-02-25,1.600
2017-02-26,1.740
2017-02-27,2.140
2017-02-28,2.690
2017-03-01,3.000
2017-03-02,3.120
2017-03-03,4.100
2017-03-04,6.000
2017-03-05,7.080
2017-03-06,6.780
2017-03-07,6.030
2017-03-08,5.340
2017-03-09,4.630
2017-03-10,3.940
2017-03-11,3.390
2017-03-12,2.970
2017-03-13,2.620
2017-03-14,2.320
2017-03-15,2.070
2017-03-16,1.870
2017-03-17,1.700
2017-03-18,1.560
2017-03-19,1.440
2017-03-20,1.370
2017-03-21,1.360
2017-03-22,1.420
2017-03-23,1.480
2017-03-24,1.390
2017-03-25,1.200
2017-03-26,1.060
2017-03-27,0.961
2017-03-28,0.897
2017-03-29,0.854
2017-03-30,0.811
2017-03-31,0.765
2017-04-01,0.724
2017-04-02,0.688
2017-04-03,0.656
2017-04-04,0.628
2017-04-05,0.602
2017-04-06,0.578
2017-04-07,0.557
2017-04-08,0.536
2017-04-09,0.518
2017-04-10,0.500
2017-04-11,0.484
2017-04-12,0.468
2017-04-13,0.454
2017-04-14,0.440
2017-04-15,0.427
2017-04-16,0.415
2017-04-17,0.403
2017-04-18,0.392
2017-04-19,0.382
2017-04-20,0.371
2017-04-21,0.362
2017-04-22,0.353
2017-04-23,0.344
2017-04-24,0.335
2017-04-25,0.327
2017-04-26,0.320
2017-04-27,0.312
2017-04-28,0.305
2017-04-29,0.298
2017-04-30,0.292
2017-05-01,0.287
2017-05-02,0.281
2017-05-03,0.275
2017-05-04,0.269
2017-05-05,0.263
2017-05-06,0.258
2017-05-07,0.253
2017-05-08,0.248
2017-05-09,0.243
2017-05-10,0.238
2017-05-11,0.233
2017-05-12,0.229
2017-05-13,0.274
2017-05-14,0.404
2017-05-15,0.461
2017-05-16,0.426
2017-05-17,0.887
2017-05-18,1.560
2017-05-19,1.560
2017-05-20,1.260
2017-05-21,0.974
2017-05-22,0.671
2017-05-23,0.469
2017-05-24,0.361
2017-05-25,0.302
2017-05-26,0.267
2017-05-27,0.245
2017-05-28,0.262
2017-05-29,0.377
2017-05-30,0.489
2017-05-31,0.463
2017-06-01,0.371
2017-06-02,0.305
2017-06-03,0.263
2017-06-04,0.236
2017-06-05,0.403
2017-06-06,0.735
2017-06-07,0.760
2017-06-08,0.535
2017-06-09,0.385
2017-06-10,0.301
2017-06-11,0.254
2017-06-12,0.226
2017-06-13,0.207
2017-06-14,0.195
2017-06-15,0.185
2017-06-16,0.178
2017-06-17,0.172
2017-06-18,0.167
2017-06-19,0.163
2017-06-20,0.159
2017-06-21,0.156
2017-06-22,0.153
2017-06-23,0.150
2017-06-24,0.147
2017-06-25,0.145
2017-06-26,0.143
2017-06-27,0.183
2017-06-28,0.288
2017-06-29,0.334
2017-06-30,0.288
2017-07-01,0.239
2017-07-02,0.204
2017-07-03,0.182
2017-07-04,0.166
2017-07-05,0.156
2017-07-06,0.148
2017-07-07,0.142
2017-07-08,0.137
2017-07-09,0.133
2017-07-10,0.129
2017-07-11,0.291
2017-07-12,0.633
2017-07-13,0.693
2017-07-14,0.478
2017-07-15,0.330
2017-07-16,0.247
2017-07-17,0.200
2017-07-18,0.221
2017-07-19,0.293
2017-07-20,0.302
2017-07-21,0.441
2017-07-22,0.770
2017-07-23,0.821
2017-07-24,0.580
2017-07-25,0.382
2017-07-26,0.272
2017-07-27,0.213
2017-07-28,0.178
2017-07-29,0.538
2017-07-30,1.160
2017-07-31,1.130
2017-08-01,0.670
2017-08-02,0.469
2017-08-03,0.420
2017-08-04,0.352
2017-08-05,0.290
2017-08-06,0.266
2017-08-07,0.643
2017-08-08,1.330
2017-08-09,1.340
2017-08-10,0.829
2017-08-11,0.494
2017-08-12,0.328
2017-08-13,0.243
2017-08-14,0.197
2017-08-15,0.170
2017-08-16,0.204
2017-08-17,0.316
2017-08-18,0.398
2017-08-19,0.384
2017-08-20,0.434
2017-08-21,0.549
2017-08-22,0.502
2017-08-23,0.359
2017-08-24,0.263
2017-08-25,0.207
2017-08-26,0.175
2017-08-27,0.154
2017-08-28,0.141
2017-08-29,0.132
2017-08-30,0.125
2017-08-31,0.120
2017-09-01,0.116
2017-09-02,0.112
2017-09-03,0.109
2017-09-04,0.107
2017-09-05,0.110
2017-09-06,0.122
2017-09-07,0.127
2017-09-08,0.363
2017-09-09,0.817
2017-09-10,0.861
2017-09-11,0.557
2017-09-12,0.363
2017-09-13,0.265
2017-09-14,0.208
2017-09-15,0.171
2017-09-16,0.160
2017-09-17,0.167
2017-09-18,0.190
2017-09-19,0.223
2017-09-20,0.220
2017-09-21,0.188
2017-09-22,0.160
2017-09-23,0.140
2017-09-24,0.248
2017-09-25,0.475
2017-09-26,0.509
2017-09-27,0.456
2017-09-28,0.484
2017-09-29,0.417
2017-09-30,0.319
2017-10-01,0.269
2017-10-02,0.224
2017-10-03,0.182
2017-10-04,0.153
2017-10-05,0.134
2017-10-06,0.121
2017-10-07,0.112
2017-10-08,0.106
2017-10-09,0.101
2017-10-10,0.097
2017-10-11,0.094
2017-10-12,0.091
2017-10-13,0.089
2017-10-14,0.087
2017-10-15,0.085
2017-10-16,0.083
2017-10-17,0.192
2017-10-18,0.448
2017-10-19,0.619
2017-10-20,0.654
2017-10-21,0.579
2017-10-22,0.420
2017-10-23,0.296
2017-10-24,0.219
2017-10-25,0.170
2017-10-26,0.144
2017-10-27,0.131
2017-10-28,0.120
2017-10-29,0.110
2017-10-30,0.102
2017-10-31,0.096
2017-11-01,0.091
2017-11-02,0.088
2017-11-03,0.257
2017-11-04,0.643
2017-11-05,0.740
2017-11-06,0.507
2017-11-07,0.506
2017-11-08,0.676
2017-11-09,0.606
2017-11-10,0.693
2017-11-11,1.020
2017-11-12,0.922
2017-11-13,0.578
2017-11-14,0.370
2017-11-15,0.257
2017-11-16,0.250
2017-11-17,0.320
2017-11-18,0.305
2017-11-19,0.319
2017-11-20,0.320
2017-11-21,0.283
2017-11-22,0.328
2017-11-23,0.506
2017-11-24,0.459
2017-11-25,0.466
2017-11-26,0.351
2017-11-27,0.407
2017-11-28,0.331
2017-11-29,0.294
2017-11-30,0.279
2017-12-01,0.325
2017-12-02,0.345
2017-12-03,0.353
2017-12-04,0.333
2017-12-05,0.322
2017-12-06,0.324
2017-12-07,0.356
2017-12-08,0.381
2017-12-09,0.357
2017-12-10,0.404
2017-12-11,3.270
2017-12-12,2.980
2017-12-13,3.360
2017-12-14,3.410
2017-12-15,2.230
2017-12-16,2.090
2017-12-17,2.390
2017-12-18,2.670
2017-12-19,2.680
2017-12-20,2.420
2017-12-21,2.120
2017-12-22,3.030
2017-12-23,2.970
2017-12-24,2.860
2017-12-25,2.920
2017-12-26,3.090
2017-12-27,8.590
2017-12-28,11.300
2017-12-29,11.000
2017-12-30,10.500
2017-12-31,9.870
2018-01-01,8.710
2018-01-02,8.380
2018-01-03,9.720
2018-01-04,10.500
2018-01-05,9.400
2018-01-06,7.610
2018-01-07,6.110
2018-01-08,4.980
2018-01-09,4.340
2018-01-10,4.070
2018-01-11,3.720
2018-01-12,3.260
2018-01-13,2.840
2018-01-14,2.600
2018-01-15,2.880
2018-01-16,3.380
2018-01-17,3.590
2018-01-18,3.520
2018-01-19,3.450
2018-01-20,3.850
2018-01-21,6.200
2018-01-22,9.380
2018-01-23,10.000
2018-01-24,8.880
2018-01-25,7.710
2018-01-26,6.490
2018-01-27,5.570
2018-01-28,5.040
2018-01-29,4.480
2018-01-30,4.060
2018-01-31,3.540
2018-02-01,3.020
2018-02-02,2.510
2018-02-03,2.430
2018-02-04,2.850
2018-02-05,2.890
2018-02-06,2.520
2018-02-07,2.190
2018-02-08,1.990
2018-02-09,2.540
2018-02-10,3.370
2018-02-11,3.830
2018-02-12,3.520
2018-02-13,2.860
2018-02-14,2.770
2018-02-15,4.060
2018-02-16,3.990
2018-02-17,3.180
2018-02-18,2.520
2018-02-19,2.250
2018-02-20,2.100
2018-02-21,2.000
2018-02-22,1.850
2018-02-23,1.720
2018-02-24,1.600
2018-02-25,1.430
2018-02-26,1.310
2018-02-27,1.170
2018-02-28,0.931
2018-03-01,1.140
2018-03-02,1.110
2018-03-03,1.230
2018-03-04,2.520
2018-03-05,3.850
2018-03-06,4.390
2018-03-07,3.640
2018-03-08,2.800
2018-03-09,2.890
2018-03-10,5.060
2018-03-11,5.470
2018-03-12,7.670
2018-03-13,8.400
2018-03-14,7.430
2018-03-15,7.490
2018-03-16,8.190
2018-03-17,7.640
2018-03-18,6.490
2018-03-19,4.670
2018-03-20,3.490
2018-03-21,3.230
2018-03-22,2.700
2018-03-23,2.390
2018-03-24,2.500
2018-03-25,2.440
2018-03-26,2.190
2018-03-27,2.260
2018-03-28,3.700
2018-03-29,6.210
2018-03-30,8.870
2018-03-31,10.300
2018-04-01,10.200
2018-04-02,11.200
2018-04-03,12.600
2018-04-04,11.800
2018-04-05,13.000
2018-04-06,12.400
2018-04-07,10.500
2018-04-08,8.970
2018-04-09,7.600
2018-04-10,9.070
2018-04-11,8.600
2018-04-12,7.470
2018-04-13,6.460
2018-04-14,5.140
2018-04-15,4.160
2018-04-16,3.400
2018-04-17,2.930
2018-04-18,2.380
2018-04-19,2.060
2018-04-20,1.800
2018-04-21,1.650
2018-04-22,1.780
2018-04-23,1.640
2018-04-24,1.480
2018-04-25,1.450
2018-04-26,1.320
2018-04-27,1.530
2018-04-28,1.810
2018-04-29,1.950
2018-04-30,1.740
2018-05-01,1.450
2018-05-02,1.740
2018-05-03,1.740
2018-05-04,1.830
2018-05-05,1.430
2018-05-06,1.210
2018-05-07,1.030
2018-05-08,0.957
2018-05-09,0.871
2018-05-10,0.801
2018-05-11,0.755
2018-05-12,0.790
2018-05-13,0.802
2018-05-14,0.707
2018-05-15,0.601
2018-05-16,0.548
2018-05-17,0.581
2018-05-18,0.547
2018-05-19,0.509
2018-05-20,0.486
2018-05-21,0.454
2018-05-22,0.418
2018-05-23,0.407
2018-05-24,0.470
2018-05-25,0.803
2018-05-26,0.667
2018-05-27,0.762
2018-05-28,0.631
2018-05-29,0.749
2018-05-30,1.230
2018-05-31,1.140
2018-06-01,1.030
2018-06-02,0.828
2018-06-03,0.649
2018-06-04,0.727
2018-06-05,0.576
2018-06-06,0.516
2018-06-07,0.487
2018-06-08,0.453
2018-06-09,0.416
2018-06-10,0.368
2018-06-11,0.331
2018-06-12,0.315
2018-06-13,0.291
2018-06-14,0.247
2018-06-15,0.239
2018-06-16,0.230
2018-06-17,0.231
2018-06-18,0.214
2018-06-19,0.214
2018-06-20,0.192
2018-06-21,0.194
2018-06-22,0.188
2018-06-23,0.183
2018-06-24,0.150
2018-06-25,0.141
2018-06-26,0.135
2018-06-27,0.130
2018-06-28,0.127
2018-06-29,0.118
2018-06-30,0.108
2018-07-01,0.119
2018-07-02,0.096
2018-07-03,0.109
2018-07-04,0.106
2018-07-05,0.106
2018-07-06,0.062
2018-07-07,0.098
2018-07-08,0.095
2018-07-09,0.082
2018-07-10,0.067
2018-07-11,0.068
2018-07-12,0.075
2018-07-13,0.081
2018-07-14,0.083
2018-07-15,0.081
2018-07-16,0.085
2018-07-17,0.071
2018-07-18,0.069
2018-07-19,0.073
2018-07-20,0.086
2018-07-21,0.093
2018-07-22,0.090
2018-07-23,0.068
2018-07-24,0.077
2018-07-25,0.066
2018-07-26,0.064
2018-07-27,0.038
2018-07-28,0.061
2018-07-29,0.099
2018-07-30,0.139
2018-07-31,0.122
2018-08-01,0.118
2018-08-02,0.077
2018-08-03,0.083
2018-08-04,0.071
2018-08-05,0.064
2018-08-06,0.062
2018-08-07,0.062
2018-08-08,0.041
2018-08-09,0.048
2018-08-10,0.083
2018-08-11,0.121
2018-08-12,0.124
2018-08-13,0.177
2018-08-14,0.183
2018-08-15,0.122
2018-08-16,0.172
2018-08-17,0.211
2018-08-18,0.151
2018-08-19,0.135
2018-08-20,0.115
2018-08-21,0.130
2018-08-22,0.103
2018-08-23,0.128
2018-08-24,0.137
2018-08-25,0.152
2018-08-26,0.208
2018-08-27,0.287
2018-08-28,0.212
2018-08-29,0.188
2018-08-30,0.160
2018-08-31,0.156
2018-09-01,0.127
2018-09-02,0.136
2018-09-03,0.130
2018-09-04,0.091
2018-09-05,0.112
2018-09-06,0.120
2018-09-07,0.116
2018-09-08,0.124
2018-09-09,0.125
2018-09-10,0.133
2018-09-11,0.140
2018-09-12,0.128
2018-09-13,0.109
2018-09-14,0.096
2018-09-15,0.090
2018-09-16,0.104
2018-09-17,0.137
2018-09-18,0.113
2018-09-19,0.085
2018-09-20,0.134
2018-09-21,0.204
2018-09-22,0.208
2018-09-23,0.253
2018-09-24,0.325
2018-09-25,0.239
2018-09-26,0.208
2018-09-27,0.179
2018-09-28,0.172
2018-09-29,0.148
2018-09-30,0.141
2018-10-01,0.164
2018-10-02,0.153
2018-10-03,0.111
2018-10-04,0.117
2018-10-05,0.143
2018-10-06,0.170
2018-10-07,0.217
2018-10-08,0.206
2018-10-09,0.169
2018-10-10,0.135
2018-10-11,0.132
2018-10-12,0.156
2018-10-13,0.144
2018-10-14,0.436
2018-10-15,0.763
2018-10-16,0.564
2018-10-17,0.413
2018-10-18,0.352
2018-10-19,0.302
2018-10-20,0.250
2018-10-21,0.216
2018-10-22,0.195
2018-10-23,0.156
2018-10-24,0.168
2018-10-25,0.153
2018-10-26,0.171
2018-10-27,0.190
2018-10-28,0.239
2018-10-29,0.225
2018-10-30,0.228
2018-10-31,0.203
2018-11-01,0.238
2018-11-02,0.276
2018-11-03,0.235
2018-11-04,0.218
2018-11-05,0.228
2018-11-06,0.217
2018-11-07,0.336
2018-11-08,0.440
2018-11-09,0.381
2018-11-10,0.838
2018-11-11,0.999
2018-11-12,0.806
2018-11-13,0.601
2018-11-14,0.438
2018-11-15,0.345
2018-11-16,0.328
2018-11-17,0.288
2018-11-18,0.261
2018-11-19,0.236
2018-11-20,0.223
2018-11-21,0.251
2018-11-22,0.233
2018-11-23,0.237
2018-11-24,0.228
2018-11-25,0.218
2018-11-26,0.228
2018-11-27,0.245
2018-11-28,0.413
2018-11-29,0.492
2018-11-30,0.524
2018-12-01,0.575
2018-12-02,0.803
2018-12-03,0.878
2018-12-04,0.714
2018-12-05,1.340
2018-12-06,1.500
2018-12-07,1.900
2018-12-08,1.880
2018-12-09,1.450
2018-12-10,1.090
2018-12-11,0.997
2018-12-12,0.910
2018-12-13,0.504
2018-12-14,0.625
2018-12-15,0.766
2018-12-16,1.440
2018-12-17,2.290
2018-12-18,2.010
2018-12-19,2.670
2018-12-20,2.760
2018-12-21,2.600
2018-12-22,2.300
2018-12-23,2.220
2018-12-24,2.390
2018-12-25,2.340
2018-12-26,2.090
2018-12-27,1.840
2018-12-28,1.660
2018-12-29,1.530
2018-12-30,1.360
2018-12-31,1.190
2019-01-01,1.040
2019-01-02,0.541
2019-01-03,0.966
2019-01-04,0.938
2019-01-05,0.901
2019-01-06,0.835
2019-01-07,0.819
2019-01-08,0.767
2019-01-09,0.779
2019-01-10,0.733
2019-01-11,0.720
2019-01-12,0.695
2019-01-13,0.679
2019-01-14,0.647
2019-01-15,0.613
2019-01-16,0.627
2019-01-17,0.639
2019-01-18,0.617
2019-01-19,0.631
2019-01-20,0.607
2019-01-21,0.597
2019-01-22,0.772
2019-01-23,0.777
2019-01-24,0.774
2019-01-25,0.750
2019-01-26,0.793
2019-01-27,1.170
2019-01-28,1.260
2019-01-29,1.230
2019-01-30,1.250
2019-01-31,1.200
2019-02-01,1.560
2019-02-02,1.080
2019-02-03,1.000
2019-02-04,2.360
2019-02-05,3.310
2019-02-06,3.880
2019-02-07,4.190
2019-02-08,4.310
2019-02-09,4.920
2019-02-10,4.970
2019-02-11,4.410
2019-02-12,3.510
2019-02-13,2.890
2019-02-14,2.430
2019-02-15,2.110
2019-02-16,1.890
2019-02-17,1.840
2019-02-18,1.760
2019-02-19,1.650
2019-02-20,1.490
2019-02-21,0.720
2019-02-22,1.180
2019-02-23,1.130
2019-02-24,1.080
2019-02-25,1.020
2019-02-26,0.973
2019-02-27,0.924
2019-02-28,0.953
2019-03-01,0.958
2019-03-02,0.957
2019-03-03,1.000
2019-03-04,0.976
2019-03-05,0.924
2019-03-06,2.190
2019-03-07,2.400
2019-03-08,2.200
2019-03-09,2.080
2019-03-10,3.220
2019-03-11,3.400
2019-03-12,3.290
2019-03-13,3.850
2019-03-14,3.410
2019-03-15,2.620
2019-03-16,2.220
2019-03-17,2.060
2019-03-18,1.780
2019-03-19,1.590
2019-03-20,1.510
2019-03-21,1.380
2019-03-22,0.800
2019-03-23,1.040
2019-03-24,1.020
2019-03-25,0.974
2019-03-26,0.902
2019-03-27,0.850
2019-03-28,0.825
2019-03-29,0.808
2019-03-30,0.775
2019-03-31,0.721
2019-04-01,0.559
2019-04-02,0.678
2019-04-03,0.768
2019-04-04,0.881
2019-04-05,0.950
2019-04-06,0.899
2019-04-07,0.768
2019-04-08,0.794
2019-04-09,0.940
2019-04-10,0.941
2019-04-11,0.845
2019-04-12,0.733
2019-04-13,0.672
2019-04-14,0.619
2019-04-15,0.590
2019-04-16,0.571
2019-04-17,0.572
2019-04-18,0.547
2019-04-19,0.523
2019-04-20,0.497
2019-04-21,0.452
2019-04-22,0.424
2019-04-23,0.423
2019-04-24,0.414
2019-04-25,0.414
2019-04-26,0.396
2019-04-27,0.389
2019-04-28,0.381
2019-04-29,0.369
2019-04-30,0.363
2019-05-01,0.349
2019-05-02,0.324
2019-05-03,0.343
2019-05-04,0.343
2019-05-05,0.326
2019-05-06,0.324
2019-05-07,0.344
2019-05-08,0.714
2019-05-09,0.605
2019-05-10,0.636
2019-05-11,0.532
2019-05-12,0.436
2019-05-13,0.383
2019-05-14,0.341
2019-05-15,0.285
2019-05-16,0.263
2019-05-17,0.286
2019-05-18,0.278
2019-05-19,0.279
2019-05-20,0.270
2019-05-21,0.247
2019-05-22,0.243
2019-05-23,0.241
2019-05-24,0.241
2019-05-25,0.218
2019-05-26,0.210
2019-05-27,0.212
2019-05-28,0.286
2019-05-29,0.261
2019-05-30,0.223
2019-05-31,0.211
2019-06-01,0.201
2019-06-02,0.181
2019-06-03,0.175
2019-06-04,0.172
2019-06-05,0.184
2019-06-06,0.165
2019-06-07,0.290
2019-06-08,0.622
2019-06-09,0.407
2019-06-10,0.435
2019-06-11,0.911
2019-06-12,0.759
2019-06-13,1.290
2019-06-14,1.580
2019-06-15,1.410
2019-06-16,1.240
2019-06-17,0.889
2019-06-18,0.718
2019-06-19,0.647
2019-06-20,0.503
2019-06-21,0.433
2019-06-22,0.380
2019-06-23,0.327
2019-06-24,0.303
2019-06-25,0.378
2019-06-26,0.471
2019-06-27,0.400
2019-06-28,0.334
2019-06-29,0.298
2019-06-30,0.262
2019-07-01,0.245
2019-07-02,0.239
2019-07-03,0.223
2019-07-04,0.209
2019-07-05,0.195
2019-07-06,0.210
2019-07-07,0.209
2019-07-08,0.206
2019-07-09,0.193
2019-07-10,0.194
2019-07-11,0.210
2019-07-12,0.190
2019-07-13,0.198
2019-07-14,0.189
2019-07-15,0.181
2019-07-16,0.166
2019-07-17,0.124
2019-07-18,0.135
2019-07-19,0.183
2019-07-20,0.294
2019-07-21,0.257
2019-07-22,0.167
2019-07-23,0.160
2019-07-24,0.131
2019-07-25,0.146
2019-07-26,0.133
2019-07-27,0.161
2019-07-28,0.208
2019-07-29,0.184
2019-07-30,0.195
2019-07-31,0.402
2019-08-01,0.377
2019-08-02,0.254
2019-08-03,0.189
2019-08-04,0.155
2019-08-05,0.123
2019-08-06,0.106
2019-08-07,0.132
2019-08-08,0.144
2019-08-09,0.130
2019-08-10,0.172
2019-08-11,0.145
2019-08-12,0.265
2019-08-13,0.324
2019-08-14,0.310
2019-08-15,0.382
2019-08-16,0.346
2019-08-17,0.418
2019-08-18,0.380
2019-08-19,0.297
2019-08-20,0.248
2019-08-21,0.208
2019-08-22,0.167
2019-08-23,0.151
2019-08-24,0.144
2019-08-25,0.113
2019-08-26,0.107
2019-08-27,0.071
2019-08-28,0.106
2019-08-29,0.156
2019-08-30,0.155
2019-08-31,0.149
2019-09-01,0.109
2019-09-02,0.113
2019-09-03,0.129
2019-09-04,0.169
2019-09-05,0.181
2019-09-06,0.164
2019-09-07,0.157
2019-09-08,0.111
2019-09-09,0.127
2019-09-10,0.138
2019-09-11,0.128
2019-09-12,0.103
2019-09-13,0.120
2019-09-14,0.099
2019-09-15,0.109
2019-09-16,0.084
2019-09-17,0.098
2019-09-18,0.092
2019-09-19,0.088
2019-09-20,0.100
2019-09-21,0.098
2019-09-22,0.116
2019-09-23,0.207
2019-09-24,0.449
2019-09-25,0.754
2019-09-26,0.588
2019-09-27,0.481
2019-09-28,0.466
2019-09-29,0.890
2019-09-30,0.374
2019-10-01,0.145
2019-10-02,0.823
2019-10-03,0.752
2019-10-04,0.649
2019-10-05,0.559
2019-10-06,0.731
2019-10-07,0.818
2019-10-08,0.731
2019-10-09,0.649
2019-10-10,0.633
2019-10-11,0.658
2019-10-12,0.910
2019-10-13,2.230
2019-10-14,3.740
2019-10-15,4.780
2019-10-16,4.800
2019-10-17,4.560
2019-10-18,4.310
2019-10-19,4.170
2019-10-20,4.630
2019-10-21,4.080
2019-10-22,3.100
2019-10-23,2.680
2019-10-24,2.310
2019-10-25,2.260
2019-10-26,3.290
2019-10-27,4.170
2019-10-28,4.100
2019-10-29,4.090
2019-10-30,3.430
2019-10-31,3.390
2019-11-01,3.070
2019-11-02,3.320
2019-11-03,4.180
2019-11-04,4.360
2019-11-05,4.140
2019-11-06,3.790
2019-11-07,5.040
2019-11-08,5.310
2019-11-09,5.740
2019-11-10,7.120
2019-11-11,5.170
2019-11-12,6.260
2019-11-13,7.850
2019-11-14,10.300
2019-11-15,10.500
2019-11-16,13.300
2019-11-17,13.700
2019-11-18,12.700
2019-11-19,12.000
2019-11-20,11.200
2019-11-21,10.300
2019-11-22,9.570
2019-11-23,8.700
2019-11-24,8.360
2019-11-25,7.740
2019-11-26,7.290
2019-11-27,6.870
2019-11-28,6.610
2019-11-29,6.610
2019-11-30,6.430
2019-12-01,5.980
2019-12-02,5.560
2019-12-03,4.980
2019-12-04,4.470
2019-12-05,3.870
2019-12-06,3.560
2019-12-07,3.500
2019-12-08,3.750
2019-12-09,3.800
2019-12-10,3.630
2019-12-11,3.920
2019-12-12,4.860
2019-12-13,7.050
2019-12-14,7.210
2019-12-15,7.400
2019-12-16,8.330
2019-12-17,9.370
2019-12-18,10.300
2019-12-19,11.200
2019-12-20,12.600
2019-12-21,13.000
2019-12-22,13.900
2019-12-23,15.100
2019-12-24,6.210
2019-12-25,,M
2019-12-26,,M
2019-12-27,,M
2019-12-28,,M
2019-12-29,,M
2019-12-30,,M
2019-12-31,,M
2020-01-01,,M
2020-01-02,,M
2020-01-03,,M
2020-01-04,,M
2020-01-05,,M
2020-01-06,,M
2020-01-07,,M
2020-01-08,,M
2020-01-09,,M
2020-01-10,5.350
2020-01-11,5.140
2020-01-12,5.090
2020-01-13,5.130
2020-01-14,6.410
2020-01-15,9.060
2020-01-16,8.550
2020-01-17,8.640
2020-01-18,9.890
2020-01-19,10.100
2020-01-20,9.790
2020-01-21,8.910
2020-01-22,7.670
2020-01-23,6.310
2020-01-24,5.470
2020-01-25,4.780
2020-01-26,4.350
2020-01-27,4.500
2020-01-28,4.680
2020-01-29,4.190
2020-01-30,3.620
2020-01-31,3.220
2020-02-01,2.820
2020-02-02,3.380
2020-02-03,4.000
2020-02-04,3.580
2020-02-05,2.940
2020-02-06,2.570
2020-02-07,2.330
2020-02-08,2.140
2020-02-09,2.540
2020-02-10,4.090
2020-02-11,4.400
2020-02-12,3.590
2020-02-13,4.980
2020-02-14,5.620
2020-02-15,6.800
2020-02-16,8.420
2020-02-17,8.330
2020-02-18,10.500
2020-02-19,11.900
2020-02-20,11.700
2020-02-21,10.600
2020-02-22,9.320
2020-02-23,8.280
2020-02-24,7.440
2020-02-25,7.090
2020-02-26,6.160
2020-02-27,5.710
2020-02-28,6.850
2020-02-29,8.600
2020-03-01,8.450
2020-03-02,7.700
2020-03-03,7.850
2020-03-04,7.780
2020-03-05,7.250
2020-03-06,6.280
2020-03-07,5.180
2020-03-08,4.310
2020-03-09,4.010
2020-03-10,5.610
2020-03-11,5.720
2020-03-12,5.320
2020-03-13,4.000
2020-03-14,3.220
2020-03-15,3.800
2020-03-16,4.830
2020-03-17,4.300
2020-03-18,3.400
2020-03-19,3.100
2020-03-20,3.020
2020-03-21,2.610
2020-03-22,2.260
2020-03-23,1.990
2020-03-24,1.780
2020-03-25,1.620
2020-03-26,1.460
2020-03-27,1.000
2020-03-28,1.330
2020-03-29,1.210
2020-03-30,1.160
2020-03-31,1.140
2020-04-01,1.020
2020-04-02,1.080
2020-04-03,1.030
2020-04-04,1.000
2020-04-05,0.949
2020-04-06,0.888
2020-04-07,0.843
2020-04-08,0.806
2020-04-09,0.799
2020-04-10,0.778
2020-04-11,0.744
2020-04-12,0.730
2020-04-13,0.665
2020-04-14,0.657
2020-04-15,0.650
2020-04-16,0.633
2020-04-17,0.641
2020-04-18,1.080
2020-04-19,0.948
2020-04-20,0.806
2020-04-21,0.673
2020-04-22,0.598
2020-04-23,0.559
2020-04-24,0.536
2020-04-25,0.509
2020-04-26,0.483
2020-04-27,0.486
2020-04-28,0.811
2020-04-29,0.836
2020-04-30,1.580
2020-05-01,1.850
2020-05-02,1.390
2020-05-03,1.040
2020-05-04,0.840
2020-05-05,0.714
2020-05-06,0.623
2020-05-07,0.569
2020-05-08,0.532
2020-05-09,0.486
2020-05-10,0.506
2020-05-11,0.491
2020-05-12,0.431
2020-05-13,0.420
2020-05-14,0.386
2020-05-15,0.357
2020-05-16,0.352
2020-05-17,0.344
2020-05-18,0.325
2020-05-19,0.293
2020-05-20,0.270
2020-05-21,0.262
2020-05-22,0.221
2020-05-23,0.228
2020-05-24,0.223
2020-05-25,0.206
2020-05-26,0.184
2020-05-27,0.189
2020-05-28,0.165
2020-05-29,0.137
2020-05-30,0.153
2020-05-31,0.146
2020-06-01,0.097
2020-06-02,0.095
2020-06-03,0.028
2020-06-04,0.095
2020-06-05,0.059
2020-06-06,0.140
2020-06-07,0.179
2020-06-08,0.184
2020-06-09,0.154
2020-06-10,0.109
2020-06-11,0.136
2020-06-12,0.120
2020-06-13,0.132
2020-06-14,0.212
2020-06-15,0.176
2020-06-16,0.148
2020-06-17,0.309
2020-06-18,1.390
2020-06-19,1.570
2020-06-20,1.170
2020-06-21,0.840
2020-06-22,0.677
2020-06-23,0.479
2020-06-24,0.380
2020-06-25,0.309
2020-06-26,0.268
2020-06-27,0.265
2020-06-28,0.305
2020-06-29,0.236
2020-06-30,0.228
2020-07-01,0.217
2020-07-02,0.209
2020-07-03,0.230
2020-07-04,0.228
2020-07-05,0.185
2020-07-06,0.159
2020-07-07,0.175
2020-07-08,0.339
2020-07-09,0.553
2020-07-10,0.506
2020-07-11,0.380
2020-07-12,0.301
2020-07-13,0.297
2020-07-14,0.294
2020-07-15,0.294
2020-07-16,0.245
2020-07-17,0.214
2020-07-18,0.210
2020-07-19,0.291
2020-07-20,0.339
2020-07-21,0.254
2020-07-22,0.200
2020-07-23,0.188
2020-07-24,0.196
2020-07-25,0.231
2020-07-26,0.408
2020-07-27,0.424
2020-07-28,0.456
2020-07-29,0.354
2020-07-30,0.316
2020-07-31,0.229
2020-08-01,0.182
2020-08-02,0.182
2020-08-03,0.166
2020-08-04,0.134
2020-08-05,0.132
2020-08-06,0.107
2020-08-07,0.137
2020-08-08,0.134
2020-08-09,0.135
2020-08-10,0.109
2020-08-11,0.108
2020-08-12,0.146
2020-08-13,0.331
2020-08-14,0.830
2020-08-15,0.989
2020-08-16,1.110
2020-08-17,1.810
2020-08-18,2.430
2020-08-19,3.010
2020-08-20,2.710
2020-08-21,2.770
2020-08-22,2.910
2020-08-23,3.200
2020-08-24,2.520
2020-08-25,2.870
2020-08-26,3.480
2020-08-27,2.820
2020-08-28,2.920
2020-08-29,3.540
2020-08-30,3.430
2020-08-31,3.060
2020-09-01,2.450
2020-09-02,3.010
2020-09-03,2.550
2020-09-04,1.850
2020-09-05,1.410
2020-09-06,1.150
2020-09-07,0.281
2020-09-08,0.686
2020-09-09,0.624
2020-09-10,0.536
2020-09-11,0.570
2020-09-12,0.594
2020-09-13,0.496
2020-09-14,0.464
2020-09-15,0.418
2020-09-16,0.373
2020-09-17,0.349
2020-09-18,0.278
2020-09-19,0.281
2020-09-20,0.305
2020-09-21,0.304
2020-09-22,0.312
2020-09-23,0.335
2020-09-24,0.522
2020-09-25,0.397
2020-09-26,0.249
2020-09-27,0.263
2020-09-28,0.260
2020-09-29,0.283
2020-09-30,0.425
